<?xml version="2.0" ?>
<Type>saved</Type>
<Name></Name>
<Description></Description>
<Shader>post</Shader>
<Terrain>
    <Heightmap>Data/Textures/grass_beach_hm.png</Heightmap>
    <DetailMap></DetailMap>
    <ColorMap>Data/Textures/Terrain/grass_beach/grass_beach_c.tga</ColorMap>
    <ModelOverride>Data/Models/airtemple_ground.obj</ModelOverride>
    <DetailMaps>
        <DetailMap colorpath="Data/Textures/Terrain/DetailTextures/grass.tga" normalpath="Data/Textures/Terrain/DetailTextures/grass_normal.png" materialpath="Data/Materials/grass.xml" />
        <DetailMap colorpath="Data/Textures/Terrain/DetailTextures/grass_stones_c.tga" normalpath="Data/Textures/Terrain/DetailTextures/grass_stones_n.tga" materialpath="Data/Materials/gravel.xml" />
        <DetailMap colorpath="Data/Textures/Terrain/DetailTextures/rubble_rocks_c.tga" normalpath="Data/Textures/Terrain/DetailTextures/rubble_rocks_n.tga" materialpath="Data/Materials/rocks.xml" />
        <DetailMap colorpath="Data/Textures/Terrain/DetailTextures/chipped_rock.tga" normalpath="Data/Textures/Terrain/DetailTextures/chipped_rock_normal.tga" materialpath="Data/Materials/rock.xml" />
    </DetailMaps>
    <DetailObjects />
</Terrain>
<OutOfDate Shadow="true" AO="true" NavMesh="true" />
<SpawnPoints>
    <SpawnPoint t0="0" t1="200" t2="0" s0="1" s1="1" s2="1" r0="1" r1="0" r2="0" r3="0" r4="0" r5="1" r6="0" r7="0" r8="0" r9="0" r10="1" r11="0" r12="0" r13="0" r14="0" r15="1" />
</SpawnPoints>
<AmbientSounds />
<Script>Data/Scripts/airtemplelevelscript.as</Script>
<LevelScriptParameters>
    <parameter name="Achievements" type="string" val="flawless, no_injuries, no_kills" />
    <parameter name="Extra AO" type="float" val="0" />
    <parameter name="Level Boundaries" type="int" val="1" />
    <parameter name="Objectives" type="string" val="destroy_all" />
</LevelScriptParameters>
<Sky>
    <DomeTexture>Data/Textures/skies/blue4.tga</DomeTexture>
    <SunAngularRad>0.113683</SunAngularRad>
    <SunColorAngle>346.1</SunColorAngle>
    <RayToSun r0="0.463964" r1="0.508092" r2="-0.725658" />
    <ExtraAO>0</ExtraAO>
</Sky>
<ActorObjects>
    <EnvObject t0="-175.262" t1="486.253" t2="118.237" s0="2.74617" s1="2.74617" s2="2.74617" r0="-1" r1="0" r2="0.000625" r3="0" r4="0" r5="1" r6="0" r7="0" r8="-0.000625" r9="0" r10="-1" r11="0" r12="0" r13="0" r14="0" r15="1" id="1" color_r="0.517647" color_g="0.517647" color_b="0.517647" type_file="Data/Objects/upsidedownhouse.xml">
        <parameters />
    </EnvObject>
    <EnvObject t0="2.47096" t1="577.96" t2="243.798" s0="1" s1="1" s2="1" r0="1" r1="0" r2="0" r3="0" r4="0" r5="1" r6="0" r7="0" r8="0" r9="0" r10="1" r11="0" r12="0" r13="0" r14="0" r15="1" id="2" color_r="0.458824" color_g="0.27451" color_b="0.156863" type_file="Data/Objects/ceilin.xml">
        <parameters />
    </EnvObject>
    <EnvObject t0="-506.099" t1="262.449" t2="26.8368" s0="1" s1="1" s2="1" r0="-0.676203" r1="0" r2="-0.736715" r3="0" r4="0" r5="1" r6="0" r7="0" r8="0.736715" r9="0" r10="-0.676203" r11="0" r12="0" r13="0" r14="0" r15="1" id="3" color_r="0.294118" color_g="0.219608" color_b="0.086275" type_file="Data/Objects/cliffedgecorner.xml">
        <parameters />
    </EnvObject>
    <EnvObject t0="539.66" t1="268.273" t2="312.319" s0="1" s1="1" s2="1" r0="0.827451" r1="0" r2="0.561538" r3="0" r4="-0" r5="1" r6="0" r7="0" r8="-0.561538" r9="-0" r10="0.827451" r11="0" r12="0" r13="0" r14="0" r15="1" id="4" color_r="0.294118" color_g="0.219608" color_b="0.086275" type_file="Data/Objects/cliffedgecorner.xml">
        <parameters />
    </EnvObject>
    <ActorObject t0="384.127" t1="370.348" t2="302.063" s0="1" s1="1" s2="1" r0="0.989216" r1="0.134571" r2="0.0578075" r3="0" r4="-0.0841249" r5="0.198966" r6="0.976389" r7="0" r8="0.119892" r9="-0.970723" r10="0.208142" r11="0" r12="0" r13="0" r14="0" r15="1" id="5" type_file="Data/Objects/IGF_Characters/IGF_TurnerActor.xml" is_player="1">
        <parameters>
            <parameter name="Aggression" type="string" val="0.5" />
            <parameter name="Attack Damage" type="string" val="1.0" />
            <parameter name="Attack Knockback" type="string" val="1.0" />
            <parameter name="Attack Speed" type="string" val="1.0" />
            <parameter name="Block Follow-up" type="string" val="0.5" />
            <parameter name="Block Skill" type="string" val="0.5" />
            <parameter name="Character Scale" type="float" val="1" />
            <parameter name="Damage Resistance" type="string" val="1.0" />
            <parameter name="Ear Size" type="float" val="1" />
            <parameter name="Fat" type="float" val="0.5" />
            <parameter name="Ground Aggression" type="float" val="0.5" />
            <parameter name="Left handed" type="string" val="0.0" />
            <parameter name="Lives" type="string" val="1" />
            <parameter name="Movement Speed" type="string" val="1.0" />
            <parameter name="Muscle" type="float" val="0.5" />
            <parameter name="Teams" type="string" val="turner" />
        </parameters>
        <Connections>
            <Connection id="-1" />
        </Connections>
        <ItemConnections />
        <Palette>
            <Color label="Cloth" channel="0" red="1" green="1" blue="1" />
            <Color label="Rope" channel="1" red="1" green="1" blue="1" />
            <Color label="Fur" channel="2" red="1" green="1" blue="1" />
        </Palette>
    </ActorObject>
    <EnvObject t0="308.399" t1="493.958" t2="98.4056" s0="2.84973" s1="2.84973" s2="2.84973" r0="0.99996" r1="0" r2="-0.00896134" r3="0" r4="0" r5="1" r6="0" r7="0" r8="0.00896134" r9="0" r10="0.99996" r11="0" r12="0" r13="0" r14="0" r15="1" id="6" color_r="0.517647" color_g="0.517647" color_b="0.517647" type_file="Data/Objects/upsidedownhouse2.xml">
        <parameters />
    </EnvObject>
    <EnvObject t0="346.857" t1="505.925" t2="98.5077" s0="2.41869" s1="2.41869" s2="2.41869" r0="-0.0417413" r1="0" r2="0.999129" r3="0" r4="-0" r5="1" r6="0" r7="0" r8="-0.999129" r9="-0" r10="-0.0417413" r11="0" r12="0" r13="0" r14="0" r15="1" id="7" color_r="0.517647" color_g="0.517647" color_b="0.517647" type_file="Data/Objects/upsidedownhouse3.xml">
        <parameters />
    </EnvObject>
    <EnvObject t0="84.2015" t1="350.241" t2="311.507" s0="40.737" s1="36.8696" s2="32.0811" r0="0.973282" r1="0" r2="-0.229613" r3="0" r4="0" r5="1" r6="0" r7="0" r8="0.229613" r9="0" r10="0.973282" r11="0" r12="0" r13="0" r14="0" r15="1" id="8" color_r="0.458824" color_g="0.27451" color_b="0.156863" type_file="Data/Objects/stoneplatform.xml">
        <parameters />
    </EnvObject>
    <EnvObject t0="0.407358" t1="556.283" t2="106.105" s0="1" s1="1" s2="1" r0="1" r1="0" r2="0" r3="0" r4="0" r5="1" r6="0" r7="0" r8="0" r9="0" r10="1" r11="0" r12="0" r13="0" r14="0" r15="1" id="9" color_r="0.458824" color_g="0.27451" color_b="0.156863" type_file="Data/Objects/cliffedge1.xml">
        <parameters />
    </EnvObject>
    <EnvObject t0="-322.545" t1="447.507" t2="-123.572" s0="2.51656" s1="2.51656" s2="2.51656" r0="0.791741" r1="-0.0617428" r2="0.607729" r3="0" r4="-0.288965" r5="0.838669" r6="0.461665" r7="0" r8="-0.538188" r9="-0.541131" r10="0.646167" r11="0" r12="0" r13="0" r14="0" r15="1" id="10" color_r="1" color_g="1" color_b="1" type_file="Data/Objects/Plants/Trees/Test/TestTree5.xml">
        <parameters />
    </EnvObject>
    <EnvObject t0="-303.224" t1="450.329" t2="-117.821" s0="2.51656" s1="2.51656" s2="2.51656" r0="1" r1="0" r2="0" r3="0" r4="0" r5="0.881066" r6="0.472994" r7="0" r8="0" r9="-0.472994" r10="0.881066" r11="0" r12="0" r13="0" r14="0" r15="1" id="11" color_r="1" color_g="1" color_b="1" type_file="Data/Objects/Plants/Trees/Test/TestTree5.xml">
        <parameters />
    </EnvObject>
    <EnvObject t0="6.03926" t1="265.972" t2="236.819" s0="1" s1="1" s2="1" r0="1" r1="0" r2="0" r3="0" r4="0" r5="1" r6="0" r7="0" r8="0" r9="0" r10="1" r11="0" r12="0" r13="0" r14="0" r15="1" id="14" color_r="0.458824" color_g="0.27451" color_b="0.156863" type_file="Data/Objects/backwall.xml">
        <parameters />
    </EnvObject>
    <EnvObject t0="329.997" t1="502.816" t2="85.6201" s0="8.72055" s1="8.26842" s2="9.11248" r0="1" r1="0" r2="0" r3="0" r4="0" r5="1" r6="0" r7="0" r8="0" r9="0" r10="1" r11="0" r12="0" r13="0" r14="0" r15="1" id="15" color_r="0.513726" color_g="0.513726" color_b="0.513726" type_file="Data/Objects/bridge.xml">
        <parameters />
    </EnvObject>
    <EnvObject t0="-8.84839" t1="270.01" t2="-129.878" s0="1" s1="1" s2="1" r0="1" r1="0" r2="0" r3="0" r4="0" r5="1" r6="0" r7="0" r8="0" r9="0" r10="1" r11="0" r12="0" r13="0" r14="0" r15="1" id="16" color_r="0.352941" color_g="0.294118" color_b="0.203922" type_file="Data/Objects/cliffedge2.xml">
        <parameters />
    </EnvObject>
    <EnvObject t0="-120.165" t1="542.912" t2="304.758" s0="17.1232" s1="16.426" s2="27.2811" r0="-0.999581" r1="0" r2="0.0289603" r3="0" r4="0" r5="1" r6="0" r7="0" r8="-0.0289603" r9="0" r10="-0.999581" r11="0" r12="0" r13="0" r14="0" r15="1" id="17" color_r="0.352941" color_g="0.352941" color_b="0.352941" type_file="Data/Objects/stairbase2.xml">
        <parameters />
    </EnvObject>
    <EnvObject t0="-68.7283" t1="522.123" t2="321.899" s0="5.20227" s1="5.20227" s2="5.20227" r0="-0.884511" r1="0" r2="-0.46652" r3="0" r4="0" r5="1" r6="0" r7="0" r8="0.46652" r9="0" r10="-0.884511" r11="0" r12="0" r13="0" r14="0" r15="1" id="18" color_r="0.501961" color_g="0.501961" color_b="0.501961" type_file="Data/Objects/stairs2.xml">
        <parameters />
    </EnvObject>
    <EnvObject t0="-221.541" t1="527.072" t2="332.011" s0="6.21096" s1="6.21096" s2="6.21096" r0="-0.998491" r1="0" r2="0.0549081" r3="0" r4="0" r5="1" r6="0" r7="0" r8="-0.0549081" r9="0" r10="-0.998491" r11="0" r12="0" r13="0" r14="0" r15="1" id="19" color_r="0.501961" color_g="0.501961" color_b="0.501961" type_file="Data/Objects/stairs1.xml">
        <parameters />
    </EnvObject>
    <EnvObject t0="98.1645" t1="430.24" t2="310.93" s0="5.20227" s1="5.20227" s2="5.20227" r0="-0.959015" r1="0" r2="0.283357" r3="0" r4="0" r5="1" r6="0" r7="0" r8="-0.283357" r9="0" r10="-0.959015" r11="0" r12="0" r13="0" r14="0" r15="1" id="20" color_r="0.501961" color_g="0.501961" color_b="0.501961" type_file="Data/Objects/stairs2.xml">
        <parameters />
    </EnvObject>
    <EnvObject t0="-124.798" t1="566.109" t2="236.061" s0="29.8932" s1="29.8932" s2="29.8932" r0="0.344727" r1="0" r2="0.938703" r3="0" r4="-0" r5="1" r6="0" r7="0" r8="-0.938703" r9="-0" r10="0.344727" r11="0" r12="0" r13="0" r14="0" r15="1" id="21" color_r="0.321569" color_g="0.321569" color_b="0.321569" type_file="Data/Objects/bigbridge.xml">
        <parameters />
    </EnvObject>
    <EnvObject t0="87.5904" t1="437.223" t2="314.908" s0="6.21096" s1="6.21096" s2="6.21096" r0="-0.984311" r1="0" r2="0.176439" r3="0" r4="0" r5="1" r6="0" r7="0" r8="-0.176439" r9="0" r10="-0.984311" r11="0" r12="0" r13="0" r14="0" r15="1" id="22" color_r="0.501961" color_g="0.501961" color_b="0.501961" type_file="Data/Objects/stairs1.xml">
        <parameters />
    </EnvObject>
    <EnvObject t0="-733.762" t1="38.8615" t2="237.466" s0="1.3601" s1="0.835781" s2="0.495207" r0="1" r1="0" r2="0" r3="0" r4="0" r5="1" r6="0" r7="0" r8="0" r9="0" r10="1" r11="0" r12="0" r13="0" r14="0" r15="1" id="23" color_r="0.884314" color_g="0.001841" color_b="1.47059" type_file="Data/Objects/fog.xml">
        <parameters />
    </EnvObject>
    <EnvObject t0="253.213" t1="494.325" t2="132.96" s0="2.74617" s1="2.74617" s2="2.74617" r0="-0.0351646" r1="0" r2="-0.999381" r3="0" r4="0" r5="1" r6="0" r7="0" r8="0.999381" r9="0" r10="-0.0351646" r11="0" r12="0" r13="0" r14="0" r15="1" id="24" color_r="0.517647" color_g="0.517647" color_b="0.517647" type_file="Data/Objects/upsidedownhouse.xml">
        <parameters />
    </EnvObject>
    <EnvObject t0="37.0132" t1="470.693" t2="326.82" s0="6.21096" s1="6.21096" s2="6.21096" r0="-0.985348" r1="0" r2="0.170559" r3="0" r4="0" r5="1" r6="0" r7="0" r8="-0.170559" r9="0" r10="-0.985348" r11="0" r12="0" r13="0" r14="0" r15="1" id="25" color_r="0.501961" color_g="0.501961" color_b="0.501961" type_file="Data/Objects/stairs1.xml">
        <parameters />
    </EnvObject>
    <EnvObject t0="-116.198" t1="-36.4115" t2="309.386" s0="6.26206" s1="1.64011" s2="3.18016" r0="1" r1="0" r2="0" r3="0" r4="0" r5="1" r6="0" r7="0" r8="0" r9="0" r10="1" r11="0" r12="0" r13="0" r14="0" r15="1" id="26" color_r="1" color_g="1" color_b="1" type_file="Data/Objects/botom.xml">
        <parameters />
    </EnvObject>
    <EnvObject t0="19.0901" t1="480.671" t2="325.738" s0="5.20227" s1="5.20227" s2="5.20227" r0="-0.9753" r1="0" r2="-0.220884" r3="0" r4="0" r5="1" r6="0" r7="0" r8="0.220884" r9="0" r10="-0.9753" r11="0" r12="0" r13="0" r14="0" r15="1" id="27" color_r="0.501961" color_g="0.501961" color_b="0.501961" type_file="Data/Objects/stairs2.xml">
        <parameters />
    </EnvObject>
    <EnvObject t0="160.783" t1="388.391" t2="294.986" s0="6.21096" s1="6.21096" s2="6.21096" r0="-0.967025" r1="0" r2="0.254681" r3="0" r4="0" r5="1" r6="0" r7="0" r8="-0.254681" r9="0" r10="-0.967025" r11="0" r12="0" r13="0" r14="0" r15="1" id="28" color_r="0.501961" color_g="0.501961" color_b="0.501961" type_file="Data/Objects/stairs1.xml">
        <parameters />
    </EnvObject>
    <EnvObject t0="71.3089" t1="448.16" t2="320.877" s0="5.20227" s1="5.20227" s2="5.20227" r0="-0.98515" r1="0" r2="0.171698" r3="0" r4="0" r5="1" r6="0" r7="0" r8="-0.171698" r9="0" r10="-0.98515" r11="0" r12="0" r13="0" r14="0" r15="1" id="29" color_r="0.501961" color_g="0.501961" color_b="0.501961" type_file="Data/Objects/stairs2.xml">
        <parameters />
    </EnvObject>
    <EnvObject t0="-148.855" t1="238.653" t2="-308.536" s0="5.08121" s1="0.625238" s2="2.28671" r0="0.993685" r1="-0.00330016" r2="0.112154" r3="0" r4="0.109749" r5="0.236477" r6="-0.965419" r7="0" r8="-0.0233358" r9="0.971631" r10="0.235346" r11="0" r12="0" r13="0" r14="0" r15="1" id="30" color_r="1" color_g="1" color_b="1" type_file="Data/Objects/botom.xml">
        <parameters />
    </EnvObject>
    <EnvObject t0="288.664" t1="551.87" t2="237.715" s0="2.74617" s1="2.74617" s2="2.74617" r0="0.0431587" r1="0" r2="0.999068" r3="0" r4="-0" r5="1" r6="0" r7="0" r8="-0.999068" r9="-0" r10="0.0431587" r11="0" r12="0" r13="0" r14="0" r15="1" id="31" color_r="0.517647" color_g="0.517647" color_b="0.517647" type_file="Data/Objects/upsidedownhouse.xml">
        <parameters />
    </EnvObject>
    <EnvObject t0="-146.917" t1="531.341" t2="159.902" s0="4.43369" s1="4.43369" s2="4.43369" r0="0.349295" r1="0" r2="0.937013" r3="0" r4="-0" r5="1" r6="0" r7="0" r8="-0.937013" r9="-0" r10="0.349295" r11="0" r12="0" r13="0" r14="0" r15="1" id="32" color_r="0.286275" color_g="0.286275" color_b="0.286275" type_file="Data/Objects/staircase.xml">
        <parameters />
    </EnvObject>
    <EnvObject t0="-4.10332" t1="500.778" t2="322.671" s0="8.23216" s1="8.24589" s2="10.5153" r0="0.988405" r1="0" r2="-0.151843" r3="0" r4="0" r5="1" r6="0" r7="0" r8="0.151843" r9="0" r10="0.988405" r11="0" r12="0" r13="0" r14="0" r15="1" id="33" color_r="0.329412" color_g="0.329412" color_b="0.329412" type_file="Data/Objects/platform.xml">
        <parameters />
    </EnvObject>
    <EnvObject t0="-27.6124" t1="494.798" t2="332.81" s0="4.50046" s1="4.50046" s2="4.50046" r0="-0.999023" r1="0" r2="0.044206" r3="0" r4="0" r5="1" r6="0" r7="0" r8="-0.044206" r9="0" r10="-0.999023" r11="0" r12="0" r13="0" r14="0" r15="1" id="34" color_r="0.501961" color_g="0.501961" color_b="0.501961" type_file="Data/Objects/stairs3.xml">
        <parameters />
    </EnvObject>
    <EnvObject t0="177.668" t1="376.704" t2="288.593" s0="5.20227" s1="5.20227" s2="5.20227" r0="-0.966992" r1="0" r2="0.254808" r3="0" r4="0" r5="1" r6="0" r7="0" r8="-0.254808" r9="0" r10="-0.966992" r11="0" r12="0" r13="0" r14="0" r15="1" id="35" color_r="0.501961" color_g="0.501961" color_b="0.501961" type_file="Data/Objects/stairs2.xml">
        <parameters />
    </EnvObject>
    <EnvObject t0="119.716" t1="416.227" t2="307.801" s0="4.50046" s1="4.50046" s2="4.50046" r0="-0.963341" r1="0" r2="0.268279" r3="0" r4="0" r5="1" r6="0" r7="0" r8="-0.268279" r9="0" r10="-0.963341" r11="0" r12="0" r13="0" r14="0" r15="1" id="36" color_r="0.501961" color_g="0.501961" color_b="0.501961" type_file="Data/Objects/stairs3.xml">
        <parameters />
    </EnvObject>
    <EnvObject t0="53.5902" t1="460.009" t2="325.201" s0="6.21096" s1="6.21096" s2="6.21096" r0="-0.984311" r1="0" r2="0.176439" r3="0" r4="0" r5="1" r6="0" r7="0" r8="-0.176439" r9="0" r10="-0.984311" r11="0" r12="0" r13="0" r14="0" r15="1" id="37" color_r="0.501961" color_g="0.501961" color_b="0.501961" type_file="Data/Objects/stairs1.xml">
        <parameters />
    </EnvObject>
    <EnvObject t0="-280.562" t1="453.122" t2="326.984" s0="4.50046" s1="4.50046" s2="4.50046" r0="-0.808108" r1="0" r2="-0.589034" r3="0" r4="0" r5="1" r6="0" r7="0" r8="0.589034" r9="0" r10="-0.808108" r11="0" r12="0" r13="0" r14="0" r15="1" id="38" color_r="0.501961" color_g="0.501961" color_b="0.501961" type_file="Data/Objects/stairs3.xml">
        <parameters />
    </EnvObject>
    <EnvObject t0="104.702" t1="382.671" t2="314.294" s0="5.33027" s1="5.33027" s2="5.33027" r0="0.980219" r1="0" r2="-0.197914" r3="0" r4="0" r5="1" r6="0" r7="0" r8="0.197914" r9="0" r10="0.980219" r11="0" r12="0" r13="0" r14="0" r15="1" id="39" color_r="0.517647" color_g="0.517647" color_b="0.517647" type_file="Data/Objects/platform_statues.xml">
        <parameters />
    </EnvObject>
    <EnvObject t0="-102.85" t1="516.617" t2="305.418" s0="39.5565" s1="43.6961" s2="41.6963" r0="-0.802891" r1="0" r2="-0.596126" r3="0" r4="0" r5="1" r6="0" r7="0" r8="0.596126" r9="0" r10="-0.802891" r11="0" r12="0" r13="0" r14="0" r15="1" id="40" color_r="0.458824" color_g="0.27451" color_b="0.156863" type_file="Data/Objects/stoneplatform.xml">
        <parameters />
    </EnvObject>
    <Hotspot t0="335.471" t1="569.976" t2="232.262" s0="0.312437" s1="0.937611" s2="0.33613" r0="0.999931" r1="-0.0117245" r2="0.000928468" r3="0" r4="0.0117168" r5="0.9999" r6="0.00789074" r7="0" r8="-0.00102089" r9="-0.00787932" r10="0.999968" r11="0" r12="0" r13="0" r14="0" r15="1" id="41" type_file="Data/Objects/presureplatehotspot.xml">
        <parameters>
            <parameter name="HotspotNumber" type="string" val="1" />
            <parameter name="ItemID" type="string" val="500" />
        </parameters>
    </Hotspot>
    <EnvObject t0="335.449" t1="569.343" t2="232.269" s0="0.392017" s1="0.392017" s2="0.392017" r0="0.999914" r1="-0.0131211" r2="2.4199e-007" r3="0" r4="0.0131211" r5="0.999914" r6="-1.17624e-007" r7="0" r8="-2.40425e-007" r9="1.20789e-007" r10="1" r11="0" r12="0" r13="0" r14="0" r15="1" id="500" color_r="0.329412" color_g="0.329412" color_b="0.329412" type_file="Data/Objects/Crete/CreteBlockStandard.xml">
        <parameters />
    </EnvObject>
    <EnvObject t0="-355.662" t1="499.734" t2="102.242" s0="2.84973" s1="2.84973" s2="2.84973" r0="-0.0167329" r1="0" r2="0.99986" r3="0" r4="-0" r5="1" r6="0" r7="0" r8="-0.99986" r9="-0" r10="-0.0167329" r11="0" r12="0" r13="0" r14="0" r15="1" id="43" color_r="0.517647" color_g="0.517647" color_b="0.517647" type_file="Data/Objects/upsidedownhouse2.xml">
        <parameters />
    </EnvObject>
    <EnvObject t0="-31.0167" t1="498.785" t2="83.1884" s0="2.84973" s1="2.84973" s2="2.84973" r0="-0.053405" r1="0" r2="-0.998573" r3="0" r4="0" r5="1" r6="0" r7="0" r8="0.998573" r9="0" r10="-0.053405" r11="0" r12="0" r13="0" r14="0" r15="1" id="44" color_r="0.517647" color_g="0.517647" color_b="0.517647" type_file="Data/Objects/upsidedownhouse2.xml">
        <parameters />
    </EnvObject>
    <EnvObject t0="89.1784" t1="501.572" t2="113.775" s0="2.84973" s1="2.84973" s2="2.84973" r0="-0.998671" r1="0" r2="0.0515343" r3="0" r4="0" r5="1" r6="0" r7="0" r8="-0.0515343" r9="0" r10="-0.998671" r11="0" r12="0" r13="0" r14="0" r15="1" id="45" color_r="0.517647" color_g="0.517647" color_b="0.517647" type_file="Data/Objects/upsidedownhouse2.xml">
        <parameters />
    </EnvObject>
    <EnvObject t0="-381" t1="545.772" t2="172.788" s0="2.84973" s1="2.84973" s2="2.84973" r0="0.0489973" r1="0" r2="0.998799" r3="0" r4="-0" r5="1" r6="0" r7="0" r8="-0.998799" r9="-0" r10="0.0489973" r11="0" r12="0" r13="0" r14="0" r15="1" id="46" color_r="0.517647" color_g="0.517647" color_b="0.517647" type_file="Data/Objects/upsidedownhouse2.xml">
        <parameters />
    </EnvObject>
    <EnvObject t0="-311.697" t1="511.73" t2="99.8897" s0="2.41869" s1="2.41869" s2="2.41869" r0="0.0469977" r1="0" r2="0.998895" r3="0" r4="-0" r5="1" r6="0" r7="0" r8="-0.998895" r9="-0" r10="0.0469977" r11="0" r12="0" r13="0" r14="0" r15="1" id="47" color_r="0.517647" color_g="0.517647" color_b="0.517647" type_file="Data/Objects/upsidedownhouse3.xml">
        <parameters />
    </EnvObject>
    <EnvObject t0="82.2191" t1="509.725" t2="72.248" s0="2.41869" s1="2.41869" s2="2.41869" r0="-0.0336115" r1="0" r2="-0.999435" r3="0" r4="0" r5="1" r6="0" r7="0" r8="0.999435" r9="0" r10="-0.0336115" r11="0" r12="0" r13="0" r14="0" r15="1" id="48" color_r="0.517647" color_g="0.517647" color_b="0.517647" type_file="Data/Objects/upsidedownhouse3.xml">
        <parameters />
    </EnvObject>
    <EnvObject t0="96.2256" t1="571.495" t2="152.667" s0="2.41869" s1="2.41869" s2="2.41869" r0="0.99985" r1="0" r2="-0.0173283" r3="0" r4="0" r5="1" r6="0" r7="0" r8="0.0173283" r9="0" r10="0.99985" r11="0" r12="0" r13="0" r14="0" r15="1" id="49" color_r="0.517647" color_g="0.517647" color_b="0.517647" type_file="Data/Objects/upsidedownhouse3.xml">
        <parameters />
    </EnvObject>
    <EnvObject t0="-110.245" t1="501.032" t2="144.393" s0="2.74617" s1="2.74617" s2="2.74617" r0="1" r1="0" r2="0" r3="0" r4="0" r5="1" r6="0" r7="0" r8="0" r9="0" r10="1" r11="0" r12="0" r13="0" r14="0" r15="1" id="50" color_r="0.517647" color_g="0.517647" color_b="0.517647" type_file="Data/Objects/upsidedownhouse.xml">
        <parameters />
    </EnvObject>
    <EnvObject t0="-271.125" t1="486.667" t2="121.906" s0="2.74617" s1="2.74617" s2="2.74617" r0="-0.00683367" r1="0" r2="-0.999977" r3="0" r4="0" r5="1" r6="0" r7="0" r8="0.999977" r9="0" r10="-0.00683367" r11="0" r12="0" r13="0" r14="0" r15="1" id="51" color_r="0.517647" color_g="0.517647" color_b="0.517647" type_file="Data/Objects/upsidedownhouse.xml">
        <parameters />
    </EnvObject>
    <EnvObject t0="58.0106" t1="507.282" t2="84.3436" s0="14.3149" s1="9.90951" s2="9.11248" r0="1" r1="0" r2="0" r3="0" r4="0" r5="1" r6="0" r7="0" r8="0" r9="0" r10="1" r11="0" r12="0" r13="0" r14="0" r15="1" id="52" color_r="0.513726" color_g="0.513726" color_b="0.513726" type_file="Data/Objects/bridge.xml">
        <parameters />
    </EnvObject>
    <EnvObject t0="40.0032" t1="549.982" t2="221.093" s0="2.74617" s1="2.74617" s2="2.74617" r0="-0.999906" r1="0" r2="-0.0137125" r3="0" r4="0" r5="1" r6="0" r7="0" r8="0.0137125" r9="0" r10="-0.999906" r11="0" r12="0" r13="0" r14="0" r15="1" id="53" color_r="0.517647" color_g="0.517647" color_b="0.517647" type_file="Data/Objects/upsidedownhouse.xml">
        <parameters />
    </EnvObject>
    <EnvObject t0="-300.348" t1="508.675" t2="117.85" s0="9.11248" s1="9.11248" s2="9.11248" r0="0.0310541" r1="0" r2="0.999518" r3="0" r4="-0" r5="1" r6="0" r7="0" r8="-0.999518" r9="-0" r10="0.0310541" r11="0" r12="0" r13="0" r14="0" r15="1" id="54" color_r="0.513726" color_g="0.513726" color_b="0.513726" type_file="Data/Objects/bridge.xml">
        <parameters />
    </EnvObject>
    <EnvObject t0="32.3142" t1="489.169" t2="96.5496" s0="2.74617" s1="2.74617" s2="2.74617" r0="-0.999683" r1="0" r2="0.0251864" r3="0" r4="0" r5="1" r6="0" r7="0" r8="-0.0251864" r9="0" r10="-0.999683" r11="0" r12="0" r13="0" r14="0" r15="1" id="55" color_r="0.517647" color_g="0.517647" color_b="0.517647" type_file="Data/Objects/upsidedownhouse.xml">
        <parameters />
    </EnvObject>
    <EnvObject t0="-125.216" t1="497.283" t2="100.874" s0="2.84973" s1="2.84973" s2="2.84973" r0="1" r1="0" r2="0" r3="0" r4="0" r5="1" r6="0" r7="0" r8="0" r9="0" r10="1" r11="0" r12="0" r13="0" r14="0" r15="1" id="56" color_r="0.517647" color_g="0.517647" color_b="0.517647" type_file="Data/Objects/upsidedownhouse2.xml">
        <parameters />
    </EnvObject>
    <EnvObject t0="-37.6849" t1="519.895" t2="134.588" s0="2.41869" s1="2.41869" s2="2.41869" r0="-0.0211862" r1="0" r2="-0.999776" r3="0" r4="0" r5="1" r6="0" r7="0" r8="0.999776" r9="0" r10="-0.0211862" r11="0" r12="0" r13="0" r14="0" r15="1" id="57" color_r="0.517647" color_g="0.517647" color_b="0.517647" type_file="Data/Objects/upsidedownhouse3.xml">
        <parameters />
    </EnvObject>
    <EnvObject t0="-72.9712" t1="489.539" t2="108.622" s0="2.74617" s1="2.74617" s2="2.74617" r0="-0.00683367" r1="0" r2="-0.999977" r3="0" r4="0" r5="1" r6="0" r7="0" r8="0.999977" r9="0" r10="-0.00683367" r11="0" r12="0" r13="0" r14="0" r15="1" id="58" color_r="0.517647" color_g="0.517647" color_b="0.517647" type_file="Data/Objects/upsidedownhouse.xml">
        <parameters />
    </EnvObject>
    <EnvObject t0="68.3696" t1="530.064" t2="327.114" s0="5.79309" s1="5.79309" s2="5.79309" r0="-0.153554" r1="0" r2="0.98814" r3="0" r4="-0" r5="1" r6="0" r7="0" r8="-0.98814" r9="-0" r10="-0.153554" r11="0" r12="0" r13="0" r14="0" r15="1" id="59" color_r="0.368627" color_g="0.368627" color_b="0.368627" type_file="Data/Objects/platform_cross2.xml">
        <parameters />
    </EnvObject>
    <EnvObject t0="169.771" t1="363.76" t2="263.825" s0="9.72229" s1="9.72229" s2="9.72229" r0="0.257993" r1="0" r2="0.966147" r3="0" r4="-0" r5="1" r6="0" r7="0" r8="-0.966147" r9="-0" r10="0.257993" r11="0" r12="0" r13="0" r14="0" r15="1" id="60" color_r="0.392157" color_g="0.392157" color_b="0.392157" type_file="Data/Objects/platform_hole.xml">
        <parameters />
    </EnvObject>
    <EnvObject t0="-166.199" t1="553.395" t2="161.013" s0="38.0417" s1="38.0417" s2="38.0417" r0="0.122852" r1="0" r2="-0.992425" r3="0" r4="0" r5="1" r6="0" r7="0" r8="0.992425" r9="0" r10="0.122852" r11="0" r12="0" r13="0" r14="0" r15="1" id="61" color_r="0.458824" color_g="0.27451" color_b="0.156863" type_file="Data/Objects/stoneplatform.xml">
        <parameters />
    </EnvObject>
    <EnvObject t0="-175.374" t1="506.52" t2="138.861" s0="16.426" s1="16.426" s2="16.426" r0="0.287971" r1="0" r2="0.957639" r3="0" r4="-0" r5="1" r6="0" r7="0" r8="-0.957639" r9="-0" r10="0.287971" r11="0" r12="0" r13="0" r14="0" r15="1" id="62" color_r="0.556863" color_g="0.556863" color_b="0.556863" type_file="Data/Objects/stairbase2.xml">
        <parameters />
    </EnvObject>
    <EnvObject t0="169.969" t1="371.386" t2="264.85" s0="7.11967" s1="7.11967" s2="7.11967" r0="0.976983" r1="0" r2="-0.213318" r3="0" r4="0" r5="1" r6="0" r7="0" r8="0.213318" r9="0" r10="0.976983" r11="0" r12="0" r13="0" r14="0" r15="1" id="63" color_r="0.435294" color_g="0.435294" color_b="0.435294" type_file="Data/Objects/fountain.xml">
        <parameters />
    </EnvObject>
    <EnvObject t0="172.229" t1="364.688" t2="265.409" s0="0.115517" s1="2.03547" s2="0.240231" r0="-0.210208" r1="0.0053574" r2="0.977642" r3="0" r4="-0.0254793" r5="-0.999675" r6="-2.89641e-007" r7="0" r8="0.977325" r9="-0.0249097" r10="0.210276" r11="0" r12="0" r13="0" r14="0" r15="1" id="64" color_r="1" color_g="1" color_b="1" type_file="Data/Objects/runningwater.xml">
        <parameters />
    </EnvObject>
    <EnvObject t0="168.275" t1="362.802" t2="264.046" s0="0.115517" s1="2.03547" s2="0.240231" r0="0.870699" r1="-0.022192" r2="0.491316" r3="0" r4="-0.0254794" r5="-0.999675" r6="-5.12227e-009" r7="0" r8="0.491156" r9="-0.0125184" r10="-0.870982" r11="0" r12="0" r13="0" r14="0" r15="1" id="65" color_r="1" color_g="1" color_b="1" type_file="Data/Objects/runningwater.xml">
        <parameters />
    </EnvObject>
    <EnvObject t0="169.718" t1="362.634" t2="264.821" s0="0.115517" s1="2.03547" s2="0.240231" r0="0.973704" r1="-0.0248174" r2="-0.226462" r3="0" r4="-0.0254793" r5="-0.999675" r6="-2.39816e-008" r7="0" r8="-0.226389" r9="0.00577013" r10="-0.97402" r11="0" r12="0" r13="0" r14="0" r15="1" id="66" color_r="1" color_g="1" color_b="1" type_file="Data/Objects/runningwater.xml">
        <parameters />
    </EnvObject>
    <EnvObject t0="170.056" t1="316.755" t2="270.308" s0="85.2374" s1="82.0515" s2="50.2332" r0="-0.998373" r1="0" r2="-0.0570269" r3="0" r4="0" r5="1" r6="0" r7="0" r8="0.0570269" r9="0" r10="-0.998373" r11="0" r12="0" r13="0" r14="0" r15="1" id="67" color_r="0.458824" color_g="0.27451" color_b="0.156863" type_file="Data/Objects/stoneplatform.xml">
        <parameters />
    </EnvObject>
    <EnvObject t0="170.997" t1="362.639" t2="263.254" s0="0.115517" s1="2.03547" s2="0.240231" r0="0.870699" r1="-0.022192" r2="0.491316" r3="0" r4="-0.0254794" r5="-0.999675" r6="-5.12227e-009" r7="0" r8="0.491156" r9="-0.0125184" r10="-0.870982" r11="0" r12="0" r13="0" r14="0" r15="1" id="68" color_r="1" color_g="1" color_b="1" type_file="Data/Objects/runningwater.xml">
        <parameters />
    </EnvObject>
    <EnvObject t0="170.004" t1="364.586" t2="262.329" s0="0.115517" s1="2.03547" s2="0.240231" r0="0.999285" r1="-0.0254694" r2="0.0279247" r3="0" r4="-0.0254794" r5="-0.999676" r6="-1.5425e-008" r7="0" r8="0.0279157" r9="-0.000711489" r10="-0.99961" r11="0" r12="0" r13="0" r14="0" r15="1" id="69" color_r="1" color_g="1" color_b="1" type_file="Data/Objects/runningwater.xml">
        <parameters />
    </EnvObject>
    <EnvObject t0="167.745" t1="364.677" t2="266.321" s0="0.115517" s1="2.03547" s2="0.240231" r0="-0.5445" r1="0.013878" r2="-0.838646" r3="0" r4="-0.0254794" r5="-0.999676" r6="2.42144e-008" r7="0" r8="-0.838374" r9="0.0213682" r10="0.544677" r11="0" r12="0" r13="0" r14="0" r15="1" id="70" color_r="1" color_g="1" color_b="1" type_file="Data/Objects/runningwater.xml">
        <parameters />
    </EnvObject>
    <EnvObject t0="-314.1" t1="372.05" t2="266.61" s0="9.09999" s1="9.09999" s2="9.09999" r0="-0.999996" r1="0" r2="-0.00282435" r3="0" r4="0" r5="1" r6="0" r7="0" r8="0.00282435" r9="0" r10="-0.999996" r11="0" r12="0" r13="0" r14="0" r15="1" id="71" color_r="0.180392" color_g="0.180392" color_b="0.180392" type_file="Data/Objects/walkway.xml">
        <parameters />
    </EnvObject>
    <EnvObject t0="170.04" t1="364.005" t2="264.885" s0="0.977907" s1="0.977907" s2="0.977907" r0="0.936514" r1="0" r2="0.350629" r3="0" r4="-0" r5="1" r6="0" r7="0" r8="-0.350629" r9="-0" r10="0.936514" r11="0" r12="0" r13="0" r14="0" r15="1" id="72" color_r="1" color_g="1" color_b="1" type_file="Data/Objects/fountain_water.xml">
        <parameters />
    </EnvObject>
    <EnvObject t0="-249.68" t1="583.517" t2="232.204" s0="10.2711" s1="10.2711" s2="10.2711" r0="1" r1="0" r2="0" r3="0" r4="0" r5="1" r6="0" r7="0" r8="0" r9="0" r10="1" r11="0" r12="0" r13="0" r14="0" r15="1" id="73" color_r="1" color_g="1" color_b="1" type_file="Data/Objects/ceilingwalkway_small.xml">
        <parameters />
    </EnvObject>
    <EnvObject t0="-72.9781" t1="388.411" t2="261.558" s0="13.3057" s1="13.3057" s2="13.3057" r0="-0.985407" r1="0" r2="-0.170216" r3="0" r4="0" r5="1" r6="0" r7="0" r8="0.170216" r9="0" r10="-0.985407" r11="0" r12="0" r13="0" r14="0" r15="1" id="74" color_r="0.360784" color_g="0.360784" color_b="0.360784" type_file="Data/Objects/platform_pilars.xml">
        <parameters />
    </EnvObject>
    <AmbientSoundObject t0="167.919" t1="365.211" t2="266.954" s0="1" s1="1" s2="1" r0="1" r1="0" r2="0" r3="0" r4="0" r5="1" r6="0" r7="0" r8="0" r9="0" r10="1" r11="0" r12="0" r13="0" r14="0" r15="1" id="75" type_file="Data/Sound/water.xml">
        <parameters />
    </AmbientSoundObject>
    <AmbientSoundObject t0="170.304" t1="365.439" t2="267.257" s0="1" s1="1" s2="1" r0="1" r1="0" r2="0" r3="0" r4="0" r5="1" r6="0" r7="0" r8="0" r9="0" r10="1" r11="0" r12="0" r13="0" r14="0" r15="1" id="76" type_file="Data/Sound/water.xml">
        <parameters />
    </AmbientSoundObject>
    <EnvObject t0="299.11" t1="562.469" t2="189.251" s0="2.84973" s1="2.84973" s2="2.84973" r0="0.0340858" r1="-3.43433e-007" r2="0.999419" r3="0" r4="-3.19324e-007" r5="1" r6="3.54523e-007" r7="0" r8="-0.999419" r9="-3.31223e-007" r10="0.0340858" r11="0" r12="0" r13="0" r14="0" r15="1" id="77" color_r="0.517647" color_g="0.517647" color_b="0.517647" type_file="Data/Objects/upsidedownhouse2.xml">
        <parameters />
    </EnvObject>
    <AmbientSoundObject t0="171.288" t1="365.006" t2="263.196" s0="1" s1="1" s2="1" r0="1" r1="0" r2="0" r3="0" r4="0" r5="1" r6="0" r7="0" r8="0" r9="0" r10="1" r11="0" r12="0" r13="0" r14="0" r15="1" id="78" type_file="Data/Sound/water.xml">
        <parameters />
    </AmbientSoundObject>
    <AmbientSoundObject t0="169.487" t1="365.119" t2="261.74" s0="1" s1="1" s2="1" r0="1" r1="0" r2="0" r3="0" r4="0" r5="1" r6="0" r7="0" r8="0" r9="0" r10="1" r11="0" r12="0" r13="0" r14="0" r15="1" id="79" type_file="Data/Sound/water.xml">
        <parameters />
    </AmbientSoundObject>
    <EnvObject t0="99.697" t1="425.501" t2="333.941" s0="61.9839" s1="56.0994" s2="48.8134" r0="-0.785256" r1="0" r2="-0.619171" r3="0" r4="0" r5="1" r6="0" r7="0" r8="0.619171" r9="0" r10="-0.785256" r11="0" r12="0" r13="0" r14="0" r15="1" id="80" color_r="0.458824" color_g="0.27451" color_b="0.156863" type_file="Data/Objects/stoneplatform.xml">
        <parameters />
    </EnvObject>
    <EnvObject t0="134.586" t1="487.662" t2="98.8591" s0="2.74617" s1="2.74617" s2="2.74617" r0="-0.0149024" r1="0" r2="0.999889" r3="0" r4="-0" r5="1" r6="0" r7="0" r8="-0.999889" r9="-0" r10="-0.0149024" r11="0" r12="0" r13="0" r14="0" r15="1" id="81" color_r="0.517647" color_g="0.517647" color_b="0.517647" type_file="Data/Objects/upsidedownhouse.xml">
        <parameters />
    </EnvObject>
    <EnvObject t0="215.091" t1="504.659" t2="98.5309" s0="2.41869" s1="2.41869" s2="2.41869" r0="-0.999998" r1="0" r2="-0.00214999" r3="0" r4="0" r5="1" r6="0" r7="0" r8="0.00214999" r9="0" r10="-0.999998" r11="0" r12="0" r13="0" r14="0" r15="1" id="82" color_r="0.517647" color_g="0.517647" color_b="0.517647" type_file="Data/Objects/upsidedownhouse3.xml">
        <parameters />
    </EnvObject>
    <EnvObject t0="172.897" t1="502.719" t2="133.982" s0="2.84973" s1="2.84973" s2="2.84973" r0="0.055338" r1="0" r2="0.998468" r3="0" r4="-0" r5="1" r6="0" r7="0" r8="-0.998468" r9="-0" r10="0.055338" r11="0" r12="0" r13="0" r14="0" r15="1" id="83" color_r="0.517647" color_g="0.517647" color_b="0.517647" type_file="Data/Objects/upsidedownhouse2.xml">
        <parameters />
    </EnvObject>
    <EnvObject t0="260.582" t1="488.122" t2="89.3047" s0="2.74617" s1="2.74617" s2="2.74617" r0="0.999875" r1="0" r2="0.015827" r3="0" r4="-0" r5="1" r6="0" r7="0" r8="-0.015827" r9="-0" r10="0.999875" r11="0" r12="0" r13="0" r14="0" r15="1" id="84" color_r="0.517647" color_g="0.517647" color_b="0.517647" type_file="Data/Objects/upsidedownhouse.xml">
        <parameters />
    </EnvObject>
    <EnvObject t0="237.656" t1="576.283" t2="176.81" s0="2.41869" s1="2.41869" s2="2.41869" r0="-1" r1="0" r2="0.000603469" r3="0" r4="0" r5="1" r6="0" r7="0" r8="-0.000603469" r9="0" r10="-1" r11="0" r12="0" r13="0" r14="0" r15="1" id="85" color_r="0.517647" color_g="0.517647" color_b="0.517647" type_file="Data/Objects/upsidedownhouse3.xml">
        <parameters />
    </EnvObject>
    <EnvObject t0="-335.485" t1="576.569" t2="241.438" s0="2.41869" s1="2.41869" s2="2.41869" r0="-0.999907" r1="0" r2="0.0136804" r3="0" r4="0" r5="1" r6="0" r7="0" r8="-0.0136804" r9="0" r10="-0.999907" r11="0" r12="0" r13="0" r14="0" r15="1" id="86" color_r="0.517647" color_g="0.517647" color_b="0.517647" type_file="Data/Objects/upsidedownhouse3.xml">
        <parameters />
    </EnvObject>
    <EnvObject t0="188.359" t1="554.262" t2="174.308" s0="2.74617" s1="2.74617" s2="2.74617" r0="-0.105875" r1="0" r2="-0.994379" r3="0" r4="0" r5="1" r6="0" r7="0" r8="0.994379" r9="0" r10="-0.105875" r11="0" r12="0" r13="0" r14="0" r15="1" id="87" color_r="0.517647" color_g="0.517647" color_b="0.517647" type_file="Data/Objects/upsidedownhouse.xml">
        <parameters />
    </EnvObject>
    <EnvObject t0="-217.131" t1="550.984" t2="292.363" s0="2.74617" s1="2.74617" s2="2.74617" r0="-0.00831914" r1="0" r2="0.999965" r3="0" r4="-0" r5="1" r6="0" r7="0" r8="-0.999965" r9="-0" r10="-0.00831914" r11="0" r12="0" r13="0" r14="0" r15="1" id="88" color_r="0.517647" color_g="0.517647" color_b="0.517647" type_file="Data/Objects/upsidedownhouse.xml">
        <parameters />
    </EnvObject>
    <EnvObject t0="79.4813" t1="575.14" t2="241.589" s0="2.41869" s1="2.41869" s2="2.41869" r0="-0.999907" r1="0" r2="0.0136804" r3="0" r4="0" r5="1" r6="0" r7="0" r8="-0.0136804" r9="0" r10="-0.999907" r11="0" r12="0" r13="0" r14="0" r15="1" id="89" color_r="0.517647" color_g="0.517647" color_b="0.517647" type_file="Data/Objects/upsidedownhouse3.xml">
        <parameters />
    </EnvObject>
    <EnvObject t0="-87.4586" t1="561.901" t2="174.792" s0="2.84973" s1="2.84973" s2="2.84973" r0="1" r1="0" r2="-0.000250386" r3="0" r4="0" r5="1" r6="0" r7="0" r8="0.000250386" r9="0" r10="1" r11="0" r12="0" r13="0" r14="0" r15="1" id="90" color_r="0.517647" color_g="0.517647" color_b="0.517647" type_file="Data/Objects/upsidedownhouse2.xml">
        <parameters />
    </EnvObject>
    <EnvObject t0="127.524" t1="558.566" t2="221.071" s0="2.84973" s1="2.84973" s2="2.84973" r0="-0.999758" r1="0" r2="0.0219945" r3="0" r4="0" r5="1" r6="0" r7="0" r8="-0.0219945" r9="0" r10="-0.999758" r11="0" r12="0" r13="0" r14="0" r15="1" id="91" color_r="0.517647" color_g="0.517647" color_b="0.517647" type_file="Data/Objects/upsidedownhouse2.xml">
        <parameters />
    </EnvObject>
    <EnvObject t0="139.32" t1="559.922" t2="171.125" s0="2.84973" s1="2.84973" s2="2.84973" r0="0.999802" r1="0" r2="0.019894" r3="0" r4="-0" r5="1" r6="0" r7="0" r8="-0.019894" r9="-0" r10="0.999802" r11="0" r12="0" r13="0" r14="0" r15="1" id="92" color_r="0.517647" color_g="0.517647" color_b="0.517647" type_file="Data/Objects/upsidedownhouse2.xml">
        <parameters />
    </EnvObject>
    <EnvObject t0="-16.765" t1="574.043" t2="241.889" s0="2.41869" s1="2.41869" s2="2.41869" r0="0.101365" r1="0" r2="0.994849" r3="0" r4="-0" r5="1" r6="0" r7="0" r8="-0.994849" r9="-0" r10="0.101365" r11="0" r12="0" r13="0" r14="0" r15="1" id="93" color_r="0.517647" color_g="0.517647" color_b="0.517647" type_file="Data/Objects/upsidedownhouse3.xml">
        <parameters />
    </EnvObject>
    <EnvObject t0="51.2012" t1="556.849" t2="171.757" s0="2.84973" s1="2.84973" s2="2.84973" r0="-0.0305592" r1="0" r2="0.999533" r3="0" r4="-0" r5="1" r6="0" r7="0" r8="-0.999533" r9="-0" r10="-0.0305592" r11="0" r12="0" r13="0" r14="0" r15="1" id="94" color_r="0.517647" color_g="0.517647" color_b="0.517647" type_file="Data/Objects/upsidedownhouse2.xml">
        <parameters />
    </EnvObject>
    <EnvObject t0="200.394" t1="552.102" t2="240.367" s0="2.74617" s1="2.74617" s2="2.74617" r0="0.999057" r1="0" r2="-0.0434073" r3="0" r4="0" r5="1" r6="0" r7="0" r8="0.0434073" r9="0" r10="0.999057" r11="0" r12="0" r13="0" r14="0" r15="1" id="95" color_r="0.517647" color_g="0.517647" color_b="0.517647" type_file="Data/Objects/upsidedownhouse.xml">
        <parameters />
    </EnvObject>
    <EnvObject t0="174.729" t1="488.075" t2="83.6858" s0="2.84973" s1="2.84973" s2="2.84973" r0="0.055338" r1="0" r2="0.998468" r3="0" r4="-0" r5="1" r6="0" r7="0" r8="-0.998468" r9="-0" r10="0.055338" r11="0" r12="0" r13="0" r14="0" r15="1" id="96" color_r="0.517647" color_g="0.517647" color_b="0.517647" type_file="Data/Objects/upsidedownhouse2.xml">
        <parameters />
    </EnvObject>
