<?xml version="2.0" ?>
<Type>saved</Type>
<Name>Jack's Camp</Name>
<Description/>
<Shader>post</Shader>
<LoadingScreen>
    <Image>Data/LevelLoading/LugaruStory/Jack's_camp.xml_loading.jpg</Image>
</LoadingScreen>
<Terrain>
    <Heightmap>Data/Textures/Terrain/lugaru_snow/lugaru_snow_hm.png</Heightmap>
    <ShaderExtra>#SNOWY</ShaderExtra>
    <DetailMap/>
    <ColorMap>Data/Textures/Terrain/lugaru_snow/lugaru_snow_c.tga</ColorMap>
    <WeightMap>Data/Textures/Terrain/lugaru_snow/lugaru_snow_hm.png_lugaru_snow_weights.png</WeightMap>
    <DetailMaps>
        <DetailMap colorpath="Data/Textures/Terrain/DetailTextures/frosty_dirt_c.tga" normalpath="Data/Textures/Terrain/DetailTextures/frosty_dirt_n.tga" materialpath="Data/Materials/dirt.xml"/>
        <DetailMap colorpath="Data/Textures/Terrain/DetailTextures/snow.tga" normalpath="Data/Textures/Terrain/DetailTextures/snow_normal.tga" materialpath="Data/Materials/snow.xml"/>
        <DetailMap colorpath="Data/Textures/Terrain/DetailTextures/dirty_snow_c.tga" normalpath="Data/Textures/Terrain/DetailTextures/dirty_snow_n.tga" materialpath="Data/Materials/snow.xml"/>
        <DetailMap colorpath="Data/Textures/Terrain/DetailTextures/chipped_rock.tga" normalpath="Data/Textures/Terrain/DetailTextures/chipped_rock_normal.tga" materialpath="Data/Materials/dirtyrock.xml"/>
    </DetailMaps>
    <DetailObjects>
        <DetailObject obj_path="Data/Objects/Plants/Groundcover/Grass/wild_grass_snow.xml" weight_path="Data/Textures/Terrain/lugaru_snow/lugaru_snow_w.tga" normal_conform="0" density="10" min_embed="0" max_embed="0" min_scale="1" max_scale="1" view_distance="30" jitter_degrees="0" overbright="0" tint_weight="1"/>
    </DetailObjects>
</Terrain>
<OutOfDate NavMesh="true" NavMeshParamHash="-1674835251"/>
<AmbientSounds>
    <Ambient path="Data/Sounds/ambient/amb_ice_wind"/>
</AmbientSounds>
<Script/>
<LevelScriptParameters>
    <parameter name="Achievements" type="string" val="flawless, no_injuries, no_kills"/>
    <parameter name="Fog amount" type="string" val="1"/>
    <parameter name="HDR Black point" type="string" val="0.065"/>
    <parameter name="HDR Bloom multiplier" type="string" val="0.971"/>
    <parameter name="HDR White point" type="string" val="0.764"/>
    <parameter name="Level Boundaries" type="string" val="1"/>
    <parameter name="Objectives" type="string" val="destroy_all"/>
    <parameter name="Saturation" type="float" val="1"/>
    <parameter name="Sky Brightness" type="string" val="1"/>
    <parameter name="Sky Rotation" type="string" val="-115"/>
    <parameter name="Sky Tint" type="string" val="255, 255, 255"/>
</LevelScriptParameters>
<NavMeshParameters cell_size="0.3" cell_height="0.2" agent_height="1.7" agent_radius="0.4" agent_max_climb="1.5" agent_max_slope="60"/>
<Sky>
    <DomeTexture>Data/Textures/skies/AltoStratus1.tga</DomeTexture>
    <SunAngularRad>0.254479</SunAngularRad>
    <SunColorAngle>325.587</SunColorAngle>
    <RayToSun r0="-0.558391" r1="0.82528" r2="-0.0843302"/>
</Sky>
<ActorObjects>
    <EnvObject t0="-59.25" t1="-18.1683" t2="157.358" s0="1.04972" s1="1.04972" s2="1.04972" q0="0" q1="-0.906902" q2="0" q3="0.421342" id="1" color_r="1" color_g="1" color_b="1" overbright="0" type_file="Data/Prototypes/Lugaru/BlockRuins_Snowy_BlockStack3.xml">
        <parameters/>
    </EnvObject>
    <ActorObject name="Turner" t0="-24.4315" t1="11.8614" t2="84.7075" s0="1" s1="1" s2="1" q0="0" q1="-0.181905" q2="0" q3="0.983316" id="2" type_file="Data/Objects/IGF_Characters/pale_turner_actor.xml" is_player="1">
        <parameters>
            <parameter name="Aggression" type="string" val="0.5"/>
            <parameter name="Armor" type="string" val="metal"/>
            <parameter name="Attack Damage" type="string" val="1.0"/>
            <parameter name="Attack Knockback" type="string" val="1.0"/>
            <parameter name="Attack Speed" type="string" val="1.0"/>
            <parameter name="Block Follow-up" type="string" val="0.5"/>
            <parameter name="Block Skill" type="string" val="0.5"/>
            <parameter name="Character Scale" type="string" val="1"/>
            <parameter name="Damage Resistance" type="string" val="1.0"/>
            <parameter name="Ear Size" type="string" val="1"/>
            <parameter name="Fat" type="string" val="0.5"/>
            <parameter name="Focus FOV distance" type="string" val="10"/>
            <parameter name="Focus FOV horizontal" type="string" val="0.63"/>
            <parameter name="Focus FOV vertical" type="string" val="0.63"/>
            <parameter name="Ground Aggression" type="string" val="0.5"/>
            <parameter name="Knockout Shield" type="string" val="3"/>
            <parameter name="Left handed" type="string" val="0"/>
            <parameter name="Lives" type="string" val="1"/>
            <parameter name="Movement Speed" type="string" val="1.0"/>
            <parameter name="Muscle" type="string" val="0.5"/>
            <parameter name="Peripheral FOV distance" type="string" val="4"/>
            <parameter name="Peripheral FOV horizontal" type="string" val="1.4100000000000001"/>
            <parameter name="Peripheral FOV vertical" type="string" val="1.4100000000000001"/>
            <parameter name="Static" type="string" val="0"/>
            <parameter name="Teams" type="string" val="Turner, Jack, Clover, Skipper, Sarah, April"/>
        </parameters>
        <Connections>
            <Connection id="-1"/>
        </Connections>
        <ItemConnections>
            <ItemConnection id="975" type="1" mirrored="0" attachment=""/>
        </ItemConnections>
        <Palette>
            <Color label="Fur" channel="0" red="0.360784" green="0.298039" blue="0.211765"/>
            <Color label="Ropes" channel="1" red="0.0901961" green="0.0784314" blue="0.0627451"/>
            <Color label="Pants" channel="2" red="0.145098" green="0.145098" blue="0.145098"/>
            <Color label="Spots" channel="3" red="1" green="1" blue="1"/>
        </Palette>
        <EnvObjectAttachments>
            <EnvObjectAttachment>
                <BoneConnect bone_id="2" num_connections="4" m0="0.996005" m1="-0.00473699" m2="0.0891681" m3="0" m4="0.00598852" m5="0.999887" m6="-0.0137733" m7="0" m8="-0.0890929" m9="0.0142523" m10="0.995921" m11="0" m12="-0.0123596" m13="0.17189" m14="0.0854187" m15="1"/>
                <BoneConnect bone_id="1" num_connections="2" m0="0.999735" m1="-0.00418213" m2="0.022646" m3="0" m4="0.00474177" m5="0.999683" m6="-0.0247155" m7="0" m8="-0.0225356" m9="0.0248164" m10="0.999438" m11="0" m12="-0.00623322" m13="0.173981" m14="0.0890579" m15="1"/>
                <BoneConnect bone_id="17" num_connections="1" m0="0.992923" m1="-0.0779654" m2="0.0895876" m3="0" m4="0.0813188" m5="0.996094" m6="-0.0344061" m7="0" m8="-0.0865552" m9="0.0414477" m10="0.995385" m11="0" m12="-0.0263596" m13="0.173111" m14="0.0878601" m15="1"/>
                <BoneConnect bone_id="4" num_connections="1" m0="0.988567" m1="0.123519" m2="0.0864845" m3="0" m4="-0.120943" m5="0.992062" m6="-0.0344373" m7="0" m8="-0.0900516" m9="0.0235839" m10="0.995658" m11="0" m12="0.0115356" m13="0.17009" m14="0.0879669" m15="1"/>
            </EnvObjectAttachment>
            <EnvObjectAttachment>
                <BoneConnect bone_id="2" num_connections="4" m0="0.994724" m1="0.000455423" m2="0.102583" m3="0" m4="-0.000433161" m5="1" m6="-0.00023932" m7="0" m8="-0.102583" m9="0.000193628" m10="0.994724" m11="0" m12="0.00510406" m13="0.197296" m14="-0.132286" m15="1"/>
                <BoneConnect bone_id="1" num_connections="3" m0="0.999974" m1="0.00274374" m2="0.0067151" m3="0" m4="-0.00262094" m5="0.999831" m6="-0.0182281" m7="0" m8="-0.00676399" m9="0.0182101" m10="0.999811" m11="0" m12="-0.00715637" m13="0.195663" m14="-0.13089" m15="1"/>
                <BoneConnect bone_id="17" num_connections="1" m0="0.991979" m1="-0.0733816" m2="0.10292" m3="0" m4="0.0751342" m5="0.997085" m6="-0.0132513" m7="0" m8="-0.101648" m9="0.0208778" m10="0.994601" m11="0" m12="-0.00721741" m13="0.193558" m14="-0.130936" m15="1"/>
                <BoneConnect bone_id="4" num_connections="1" m0="0.986734" m1="0.128058" m2="0.0997813" m3="0" m4="-0.12737" m5="0.991767" m6="-0.0132598" m7="0" m8="-0.100658" m9="0.000374725" m10="0.994921" m11="0" m12="0.0255432" m13="0.193848" m14="-0.130859" m15="1"/>
            </EnvObjectAttachment>
            <EnvObjectAttachment>
                <BoneConnect bone_id="9" num_connections="3" m0="0.962866" m1="0.0673709" m2="0.26144" m3="0" m4="-0.150336" m5="0.938136" m6="0.311929" m7="0" m8="-0.224251" m9="-0.33965" m10="0.913427" m11="0" m12="0.479675" m13="0.163338" m14="-0.0299759" m15="1"/>
                <BoneConnect bone_id="8" num_connections="1" m0="0.974401" m1="0.0800306" m2="0.210091" m3="0" m4="-0.131184" m5="0.961307" m6="0.242238" m7="0" m8="-0.182575" m9="-0.263597" m10="0.947197" m11="0" m12="0.479935" m13="0.163236" m14="-0.0317764" m15="1"/>
                <BoneConnect bone_id="-1" num_connections="0" m0="1" m1="0" m2="0" m3="0" m4="0" m5="1" m6="0" m7="0" m8="0" m9="0" m10="1" m11="0" m12="0" m13="0" m14="0" m15="1"/>
                <BoneConnect bone_id="-1" num_connections="0" m0="1" m1="0" m2="0" m3="0" m4="0" m5="1" m6="0" m7="0" m8="0" m9="0" m10="1" m11="0" m12="0" m13="0" m14="0" m15="1"/>
            </EnvObjectAttachment>
            <EnvObjectAttachment>
                <BoneConnect bone_id="22" num_connections="3" m0="-0.981473" m1="0.101812" m2="0.162312" m3="0" m4="0.0869856" m5="0.991574" m6="-0.0959909" m7="0" m8="-0.170717" m9="-0.0800938" m10="-0.982059" m11="0" m12="-0.508236" m13="0.149796" m14="-0.0272369" m15="1"/>
                <BoneConnect bone_id="21" num_connections="1" m0="-0.988506" m1="0.106318" m2="0.107486" m3="0" m4="0.0868697" m5="0.981305" m6="-0.171738" m7="0" m8="-0.123735" m9="-0.160427" m10="-0.979261" m11="0" m12="-0.508678" m13="0.149643" m14="-0.0292969" m15="1"/>
                <BoneConnect bone_id="-1" num_connections="0" m0="1" m1="0" m2="0" m3="0" m4="0" m5="1" m6="0" m7="0" m8="0" m9="0" m10="1" m11="0" m12="0" m13="0" m14="0" m15="1"/>
                <BoneConnect bone_id="-1" num_connections="0" m0="1" m1="0" m2="0" m3="0" m4="0" m5="1" m6="0" m7="0" m8="0" m9="0" m10="1" m11="0" m12="0" m13="0" m14="0" m15="1"/>
            </EnvObjectAttachment>
            <EnvObjectAttachment>
                <BoneConnect bone_id="4" num_connections="2" m0="0.991915" m1="0.117757" m2="-0.0472918" m3="0" m4="-0.121565" m5="0.988683" m6="-0.0879106" m7="0" m8="0.0364045" m9="0.092949" m10="0.995005" m11="0" m12="0.0997772" m13="0.42926" m14="-0.0213776" m15="1"/>
                <BoneConnect bone_id="2" num_connections="1" m0="0.998969" m1="-0.00776275" m2="-0.0447161" m3="0" m4="0.00504187" m5="0.998147" m6="-0.0606416" m7="0" m8="0.045104" m9="0.0603537" m10="0.997157" m11="0" m12="0.108292" m13="0.419983" m14="-0.0175972" m15="1"/>
                <BoneConnect bone_id="6" num_connections="0" m0="0.660285" m1="0.749415" m2="-0.049004" m3="0" m4="-0.750554" m5="0.656185" m6="-0.0780376" m7="0" m8="-0.0263268" m9="0.0883072" m10="0.995745" m11="0" m12="0.0477753" m13="0.365773" m14="-0.016571" m15="1"/>
                <BoneConnect bone_id="-1" num_connections="0" m0="1" m1="0" m2="0" m3="0" m4="0" m5="1" m6="0" m7="0" m8="0" m9="0" m10="1" m11="0" m12="0" m13="0" m14="0" m15="1"/>
            </EnvObjectAttachment>
            <EnvObjectAttachment>
                <BoneConnect bone_id="4" num_connections="3" m0="0.994831" m1="0.0985801" m2="0.0243659" m3="0" m4="-0.0987258" m5="0.995103" m6="0.00484669" m7="0" m8="-0.0237688" m9="-0.00722719" m10="0.999691" m11="0" m12="0.169823" m13="0.389435" m14="-0.0235672" m15="1"/>
                <BoneConnect bone_id="6" num_connections="1" m0="0.630731" m1="0.77562" m2="0.0243299" m3="0" m4="-0.775918" m5="0.630812" m6="0.00513303" m7="0" m8="-0.0113663" m9="-0.0221155" m10="0.999691" m11="0" m12="0.123074" m13="0.38147" m14="-0.0189495" m15="1"/>
                <BoneConnect bone_id="-1" num_connections="0" m0="1" m1="0" m2="0" m3="0" m4="0" m5="1" m6="0" m7="0" m8="0" m9="0" m10="1" m11="0" m12="0" m13="0" m14="0" m15="1"/>
                <BoneConnect bone_id="-1" num_connections="0" m0="1" m1="0" m2="0" m3="0" m4="0" m5="1" m6="0" m7="0" m8="0" m9="0" m10="1" m11="0" m12="0" m13="0" m14="0" m15="1"/>
            </EnvObjectAttachment>
            <EnvObjectAttachment>
                <BoneConnect bone_id="17" num_connections="2" m0="0.996063" m1="-0.07787" m2="0.042373" m3="0" m4="0.0804627" m5="0.994741" m6="-0.0633753" m7="0" m8="-0.037215" m9="0.0665352" m10="0.99709" m11="0" m12="-0.0927391" m13="0.432007" m14="-0.0194168" m15="1"/>
                <BoneConnect bone_id="2" num_connections="2" m0="0.999116" m1="-0.00269647" m2="0.0419627" m3="0" m4="0.0051549" m5="0.998269" m6="-0.0585885" m7="0" m8="-0.0417321" m9="0.058753" m10="0.9974" m11="0" m12="-0.098175" m13="0.427246" m14="-0.0189056" m15="1"/>
                <BoneConnect bone_id="-1" num_connections="0" m0="1" m1="0" m2="0" m3="0" m4="0" m5="1" m6="0" m7="0" m8="0" m9="0" m10="1" m11="0" m12="0" m13="0" m14="0" m15="1"/>
                <BoneConnect bone_id="-1" num_connections="0" m0="1" m1="0" m2="0" m3="0" m4="0" m5="1" m6="0" m7="0" m8="0" m9="0" m10="1" m11="0" m12="0" m13="0" m14="0" m15="1"/>
            </EnvObjectAttachment>
            <EnvObjectAttachment>
                <BoneConnect bone_id="19" num_connections="2" m0="0.705764" m1="-0.705221" m2="-0.0675288" m3="0" m4="0.695234" m5="0.707771" m6="-0.125337" m7="0" m8="0.136185" m9="0.04151" m10="0.989813" m11="0" m12="-0.125626" m13="0.38308" m14="-0.0246048" m15="1"/>
                <BoneConnect bone_id="17" num_connections="4" m0="0.999658" m1="0.0249382" m2="-0.0079271" m3="0" m4="-0.0254664" m5="0.996817" m6="-0.0755462" m7="0" m8="0.00601783" m9="0.0757222" m10="0.997111" m11="0" m12="-0.174667" m13="0.387726" m14="-0.0269241" m15="1"/>
                <BoneConnect bone_id="-1" num_connections="0" m0="1" m1="0" m2="0" m3="0" m4="0" m5="1" m6="0" m7="0" m8="0" m9="0" m10="1" m11="0" m12="0" m13="0" m14="0" m15="1"/>
                <BoneConnect bone_id="-1" num_connections="0" m0="1" m1="0" m2="0" m3="0" m4="0" m5="1" m6="0" m7="0" m8="0" m9="0" m10="1" m11="0" m12="0" m13="0" m14="0" m15="1"/>
            </EnvObjectAttachment>
            <EnvObjectAttachment>
                <BoneConnect bone_id="6" num_connections="1" m0="0.994293" m1="-0.0444433" m2="-0.0969827" m3="0" m4="0.0244222" m5="0.979774" m6="-0.198608" m7="0" m8="0.103848" m9="0.195106" m10="0.975268" m11="0" m12="0.264297" m13="0.299934" m14="-0.036705" m15="1"/>
                <BoneConnect bone_id="7" num_connections="1" m0="0.987979" m1="-0.0541834" m2="-0.144781" m3="0" m4="0.0108518" m5="0.958561" m6="-0.284681" m7="0" m8="0.154207" m9="0.279688" m10="0.947626" m11="0" m12="0.26416" m13="0.300022" m14="-0.0395203" m15="1"/>
                <BoneConnect bone_id="-1" num_connections="0" m0="1" m1="0" m2="0" m3="0" m4="0" m5="1" m6="0" m7="0" m8="0" m9="0" m10="1" m11="0" m12="0" m13="0" m14="0" m15="1"/>
                <BoneConnect bone_id="-1" num_connections="0" m0="1" m1="0" m2="0" m3="0" m4="0" m5="1" m6="0" m7="0" m8="0" m9="0" m10="1" m11="0" m12="0" m13="0" m14="0" m15="1"/>
            </EnvObjectAttachment>
            <EnvObjectAttachment>
                <BoneConnect bone_id="19" num_connections="1" m0="-0.995928" m1="-0.083959" m2="0.0328414" m3="0" m4="0.0875681" m5="-0.987512" m6="0.130964" m7="0" m8="0.0214356" m9="0.133306" m10="0.990843" m11="0" m12="-0.278511" m13="0.300781" m14="-0.0275726" m15="1"/>
                <BoneConnect bone_id="20" num_connections="1" m0="-0.994598" m1="-0.084488" m2="-0.0603096" m3="0" m4="0.0613374" m5="-0.947048" m6="0.315178" m7="0" m8="-0.083745" m9="0.309776" m10="0.947114" m11="0" m12="-0.279182" m13="0.302094" m14="-0.0352402" m15="1"/>
                <BoneConnect bone_id="-1" num_connections="0" m0="1" m1="0" m2="0" m3="0" m4="0" m5="1" m6="0" m7="0" m8="0" m9="0" m10="1" m11="0" m12="0" m13="0" m14="0" m15="1"/>
                <BoneConnect bone_id="-1" num_connections="0" m0="1" m1="0" m2="0" m3="0" m4="0" m5="1" m6="0" m7="0" m8="0" m9="0" m10="1" m11="0" m12="0" m13="0" m14="0" m15="1"/>
            </EnvObjectAttachment>
            <EnvObjectAttachment>
                <BoneConnect bone_id="0" num_connections="1" m0="0.957354" m1="0.0917766" m2="-0.273956" m3="0" m4="-0.0823631" m5="0.995554" m6="0.0456934" m7="0" m8="0.276932" m9="-0.0211808" m10="0.960657" m11="0" m12="0.140167" m13="-0.00817871" m14="-0.0217667" m15="1"/>
                <BoneConnect bone_id="1" num_connections="1" m0="0.964619" m1="0.0834662" m2="-0.250089" m3="0" m4="-0.0776517" m5="0.996433" m6="0.0330449" m7="0" m8="0.251955" m9="-0.0124558" m10="0.967659" m11="0" m12="0.140526" m13="-0.00938416" m14="-0.0180588" m15="1"/>
                <BoneConnect bone_id="-1" num_connections="0" m0="1" m1="0" m2="0" m3="0" m4="0" m5="1" m6="0" m7="0" m8="0" m9="0" m10="1" m11="0" m12="0" m13="0" m14="0" m15="1"/>
                <BoneConnect bone_id="-1" num_connections="0" m0="1" m1="0" m2="0" m3="0" m4="0" m5="1" m6="0" m7="0" m8="0" m9="0" m10="1" m11="0" m12="0" m13="0" m14="0" m15="1"/>
            </EnvObjectAttachment>
            <EnvObjectAttachment>
                <BoneConnect bone_id="1" num_connections="1" m0="0.977975" m1="-0.120322" m2="0.170552" m3="0" m4="0.118284" m5="0.992734" m6="0.0220992" m7="0" m8="-0.171971" m9="-0.00143889" m10="0.985101" m11="0" m12="-0.138062" m13="-0.00311279" m14="-0.0170441" m15="1"/>
                <BoneConnect bone_id="0" num_connections="1" m0="0.982714" m1="-0.116356" m2="0.143996" m3="0" m4="0.113242" m5="0.993124" m6="0.0296633" m7="0" m8="-0.146458" m9="-0.0128441" m10="0.989134" m11="0" m12="-0.138336" m13="-0.00357056" m14="-0.0135117" m15="1"/>
                <BoneConnect bone_id="-1" num_connections="0" m0="1" m1="0" m2="0" m3="0" m4="0" m5="1" m6="0" m7="0" m8="0" m9="0" m10="1" m11="0" m12="0" m13="0" m14="0" m15="1"/>
                <BoneConnect bone_id="-1" num_connections="0" m0="1" m1="0" m2="0" m3="0" m4="0" m5="1" m6="0" m7="0" m8="0" m9="0" m10="1" m11="0" m12="0" m13="0" m14="0" m15="1"/>
            </EnvObjectAttachment>
            <EnvObjectAttachment>
                <BoneConnect bone_id="46" num_connections="2" m0="-0.732064" m1="0.0325683" m2="-0.680456" m3="0" m4="-0.135227" m5="0.972032" m6="0.192007" m7="0" m8="0.667679" m9="0.232578" m10="-0.707186" m11="0" m12="-0.159971" m13="-0.172806" m14="0.0673599" m15="1"/>
                <BoneConnect bone_id="47" num_connections="1" m0="-0.822544" m1="0.0638517" m2="-0.565105" m3="0" m4="-0.0736426" m5="0.973352" m6="0.217171" m7="0" m8="0.563913" m9="0.220248" m10="-0.795923" m11="0" m12="-0.149645" m13="-0.171402" m14="0.0767822" m15="1"/>
                <BoneConnect bone_id="-1" num_connections="0" m0="1" m1="0" m2="0" m3="0" m4="0" m5="1" m6="0" m7="0" m8="0" m9="0" m10="1" m11="0" m12="0" m13="0" m14="0" m15="1"/>
                <BoneConnect bone_id="-1" num_connections="0" m0="1" m1="0" m2="0" m3="0" m4="0" m5="1" m6="0" m7="0" m8="0" m9="0" m10="1" m11="0" m12="0" m13="0" m14="0" m15="1"/>
            </EnvObjectAttachment>
            <EnvObjectAttachment>
                <BoneConnect bone_id="46" num_connections="2" m0="-0.732064" m1="0.0325683" m2="-0.680456" m3="0" m4="-0.135227" m5="0.972032" m6="0.192007" m7="0" m8="0.667679" m9="0.232578" m10="-0.707186" m11="0" m12="-0.118544" m13="-0.168076" m14="0.0988312" m15="1"/>
                <BoneConnect bone_id="47" num_connections="1" m0="-0.822544" m1="0.0638517" m2="-0.565105" m3="0" m4="-0.0736426" m5="0.973352" m6="0.217171" m7="0" m8="0.563913" m9="0.220248" m10="-0.795923" m11="0" m12="-0.103922" m13="-0.168381" m14="0.101845" m15="1"/>
                <BoneConnect bone_id="-1" num_connections="0" m0="1" m1="0" m2="0" m3="0" m4="0" m5="1" m6="0" m7="0" m8="0" m9="0" m10="1" m11="0" m12="0" m13="0" m14="0" m15="1"/>
                <BoneConnect bone_id="-1" num_connections="0" m0="1" m1="0" m2="0" m3="0" m4="0" m5="1" m6="0" m7="0" m8="0" m9="0" m10="1" m11="0" m12="0" m13="0" m14="0" m15="1"/>
            </EnvObjectAttachment>
            <EnvObjectAttachment>
                <BoneConnect bone_id="46" num_connections="2" m0="-0.732064" m1="0.0325683" m2="-0.680456" m3="0" m4="-0.135227" m5="0.972032" m6="0.192007" m7="0" m8="0.667679" m9="0.232578" m10="-0.707186" m11="0" m12="-0.0695019" m13="-0.169632" m14="0.0991592" m15="1"/>
                <BoneConnect bone_id="47" num_connections="1" m0="-0.822544" m1="0.0638517" m2="-0.565105" m3="0" m4="-0.0736426" m5="0.973352" m6="0.217171" m7="0" m8="0.563913" m9="0.220248" m10="-0.795923" m11="0" m12="-0.0554371" m13="-0.171478" m14="0.0949478" m15="1"/>
                <BoneConnect bone_id="-1" num_connections="0" m0="1" m1="0" m2="0" m3="0" m4="0" m5="1" m6="0" m7="0" m8="0" m9="0" m10="1" m11="0" m12="0" m13="0" m14="0" m15="1"/>
                <BoneConnect bone_id="-1" num_connections="0" m0="1" m1="0" m2="0" m3="0" m4="0" m5="1" m6="0" m7="0" m8="0" m9="0" m10="1" m11="0" m12="0" m13="0" m14="0" m15="1"/>
            </EnvObjectAttachment>
            <EnvObjectAttachment>
                <BoneConnect bone_id="39" num_connections="2" m0="0.909422" m1="0.0890255" m2="-0.406234" m3="0" m4="0.0024732" m5="0.975644" m6="0.219347" m7="0" m8="0.415867" m9="-0.200484" m10="0.887052" m11="0" m12="0.0821762" m13="-0.176743" m14="0.0986023" m15="1"/>
                <BoneConnect bone_id="40" num_connections="1" m0="0.933167" m1="0.104194" m2="-0.34401" m3="0" m4="-0.0266158" m5="0.974467" m6="0.222949" m7="0" m8="0.358456" m9="-0.198892" m10="0.912114" m11="0" m12="0.0758133" m13="-0.177246" m14="0.0977631" m15="1"/>
                <BoneConnect bone_id="-1" num_connections="0" m0="1" m1="0" m2="0" m3="0" m4="0" m5="1" m6="0" m7="0" m8="0" m9="0" m10="1" m11="0" m12="0" m13="0" m14="0" m15="1"/>
                <BoneConnect bone_id="-1" num_connections="0" m0="1" m1="0" m2="0" m3="0" m4="0" m5="1" m6="0" m7="0" m8="0" m9="0" m10="1" m11="0" m12="0" m13="0" m14="0" m15="1"/>
            </EnvObjectAttachment>
            <EnvObjectAttachment>
                <BoneConnect bone_id="39" num_connections="2" m0="0.909422" m1="0.0890255" m2="-0.406234" m3="0" m4="0.0024732" m5="0.975644" m6="0.219347" m7="0" m8="0.415867" m9="-0.200484" m10="0.887052" m11="0" m12="0.129745" m13="-0.174225" m14="0.0934448" m15="1"/>
                <BoneConnect bone_id="40" num_connections="1" m0="0.933167" m1="0.104194" m2="-0.34401" m3="0" m4="-0.0266158" m5="0.974467" m6="0.222949" m7="0" m8="0.358456" m9="-0.198892" m10="0.912114" m11="0" m12="0.123581" m13="-0.174011" m14="0.0958099" m15="1"/>
                <BoneConnect bone_id="-1" num_connections="0" m0="1" m1="0" m2="0" m3="0" m4="0" m5="1" m6="0" m7="0" m8="0" m9="0" m10="1" m11="0" m12="0" m13="0" m14="0" m15="1"/>
                <BoneConnect bone_id="-1" num_connections="0" m0="1" m1="0" m2="0" m3="0" m4="0" m5="1" m6="0" m7="0" m8="0" m9="0" m10="1" m11="0" m12="0" m13="0" m14="0" m15="1"/>
            </EnvObjectAttachment>
            <EnvObjectAttachment>
                <BoneConnect bone_id="39" num_connections="2" m0="0.909422" m1="0.0890255" m2="-0.406234" m3="0" m4="0.0024732" m5="0.975644" m6="0.219347" m7="0" m8="0.415867" m9="-0.200484" m10="0.887052" m11="0" m12="0.167374" m13="-0.176758" m14="0.0577316" m15="1"/>
                <BoneConnect bone_id="40" num_connections="1" m0="0.933167" m1="0.104194" m2="-0.34401" m3="0" m4="-0.0266158" m5="0.974467" m6="0.222949" m7="0" m8="0.358456" m9="-0.198892" m10="0.912114" m11="0" m12="0.163544" m13="-0.175827" m14="0.0626831" m15="1"/>
                <BoneConnect bone_id="-1" num_connections="0" m0="1" m1="0" m2="0" m3="0" m4="0" m5="1" m6="0" m7="0" m8="0" m9="0" m10="1" m11="0" m12="0" m13="0" m14="0" m15="1"/>
                <BoneConnect bone_id="-1" num_connections="0" m0="1" m1="0" m2="0" m3="0" m4="0" m5="1" m6="0" m7="0" m8="0" m9="0" m10="1" m11="0" m12="0" m13="0" m14="0" m15="1"/>
            </EnvObjectAttachment>
            <EnvObjectAttachment>
                <BoneConnect bone_id="40" num_connections="3" m0="-0.997673" m1="0.0384982" m2="-0.0562639" m3="0" m4="0.0365229" m5="0.998694" m6="0.0357251" m7="0" m8="0.0575657" m9="0.0335871" m10="-0.997777" m11="0" m12="0.112503" m13="-0.317078" m14="0.127716" m15="1"/>
                <BoneConnect bone_id="-1" num_connections="0" m0="1" m1="0" m2="0" m3="0" m4="0" m5="1" m6="0" m7="0" m8="0" m9="0" m10="1" m11="0" m12="0" m13="0" m14="0" m15="1"/>
                <BoneConnect bone_id="-1" num_connections="0" m0="1" m1="0" m2="0" m3="0" m4="0" m5="1" m6="0" m7="0" m8="0" m9="0" m10="1" m11="0" m12="0" m13="0" m14="0" m15="1"/>
                <BoneConnect bone_id="-1" num_connections="0" m0="1" m1="0" m2="0" m3="0" m4="0" m5="1" m6="0" m7="0" m8="0" m9="0" m10="1" m11="0" m12="0" m13="0" m14="0" m15="1"/>
            </EnvObjectAttachment>
            <EnvObjectAttachment>
                <BoneConnect bone_id="0" num_connections="1" m0="0.870279" m1="-0.0313774" m2="0.491559" m3="0" m4="0.0214322" m5="0.999436" m6="0.0258519" m7="0" m8="-0.492093" m9="-0.0119632" m10="0.87046" m11="0" m12="-0.100945" m13="-0.0480042" m14="0.0802231" m15="1"/>
                <BoneConnect bone_id="-1" num_connections="0" m0="1" m1="0" m2="0" m3="0" m4="0" m5="1" m6="0" m7="0" m8="0" m9="0" m10="1" m11="0" m12="0" m13="0" m14="0" m15="1"/>
                <BoneConnect bone_id="-1" num_connections="0" m0="1" m1="0" m2="0" m3="0" m4="0" m5="1" m6="0" m7="0" m8="0" m9="0" m10="1" m11="0" m12="0" m13="0" m14="0" m15="1"/>
                <BoneConnect bone_id="-1" num_connections="0" m0="1" m1="0" m2="0" m3="0" m4="0" m5="1" m6="0" m7="0" m8="0" m9="0" m10="1" m11="0" m12="0" m13="0" m14="0" m15="1"/>
            </EnvObjectAttachment>
            <EnvObjectAttachment>
                <BoneConnect bone_id="0" num_connections="1" m0="0.998493" m1="-0.012438" m2="0.0534542" m3="0" m4="0.00652431" m5="0.993975" m6="0.109413" m7="0" m8="-0.054493" m9="-0.1089" m10="0.992558" m11="0" m12="-0.00203705" m13="-0.0501099" m14="0.104431" m15="1"/>
                <BoneConnect bone_id="-1" num_connections="0" m0="1" m1="0" m2="0" m3="0" m4="0" m5="1" m6="0" m7="0" m8="0" m9="0" m10="1" m11="0" m12="0" m13="0" m14="0" m15="1"/>
                <BoneConnect bone_id="-1" num_connections="0" m0="1" m1="0" m2="0" m3="0" m4="0" m5="1" m6="0" m7="0" m8="0" m9="0" m10="1" m11="0" m12="0" m13="0" m14="0" m15="1"/>
                <BoneConnect bone_id="-1" num_connections="0" m0="1" m1="0" m2="0" m3="0" m4="0" m5="1" m6="0" m7="0" m8="0" m9="0" m10="1" m11="0" m12="0" m13="0" m14="0" m15="1"/>
            </EnvObjectAttachment>
            <EnvObjectAttachment>
                <BoneConnect bone_id="0" num_connections="1" m0="0.932733" m1="0.0500937" m2="-0.357072" m3="0" m4="-0.00516365" m5="0.992056" m6="0.125687" m7="0" m8="0.360532" m9="-0.115389" m10="0.925582" m11="0" m12="0.0934982" m13="-0.0479279" m14="0.0868073" m15="1"/>
                <BoneConnect bone_id="-1" num_connections="0" m0="1" m1="0" m2="0" m3="0" m4="0" m5="1" m6="0" m7="0" m8="0" m9="0" m10="1" m11="0" m12="0" m13="0" m14="0" m15="1"/>
                <BoneConnect bone_id="-1" num_connections="0" m0="1" m1="0" m2="0" m3="0" m4="0" m5="1" m6="0" m7="0" m8="0" m9="0" m10="1" m11="0" m12="0" m13="0" m14="0" m15="1"/>
                <BoneConnect bone_id="-1" num_connections="0" m0="1" m1="0" m2="0" m3="0" m4="0" m5="1" m6="0" m7="0" m8="0" m9="0" m10="1" m11="0" m12="0" m13="0" m14="0" m15="1"/>
            </EnvObjectAttachment>
            <EnvObjectAttachment>
                <BoneConnect bone_id="0" num_connections="1" m0="-0.998888" m1="0.0299303" m2="-0.0364275" m3="0" m4="0.0293764" m5="0.999446" m6="0.0156468" m7="0" m8="0.0368756" m9="0.0145593" m10="-0.999214" m11="0" m12="0.0254288" m13="-0.144775" m14="0.0968018" m15="1"/>
                <BoneConnect bone_id="-1" num_connections="0" m0="1" m1="0" m2="0" m3="0" m4="0" m5="1" m6="0" m7="0" m8="0" m9="0" m10="1" m11="0" m12="0" m13="0" m14="0" m15="1"/>
                <BoneConnect bone_id="-1" num_connections="0" m0="1" m1="0" m2="0" m3="0" m4="0" m5="1" m6="0" m7="0" m8="0" m9="0" m10="1" m11="0" m12="0" m13="0" m14="0" m15="1"/>
                <BoneConnect bone_id="-1" num_connections="0" m0="1" m1="0" m2="0" m3="0" m4="0" m5="1" m6="0" m7="0" m8="0" m9="0" m10="1" m11="0" m12="0" m13="0" m14="0" m15="1"/>
            </EnvObjectAttachment>
            <EnvObjectAttachment>
                <BoneConnect bone_id="0" num_connections="1" m0="-0.998888" m1="0.0299303" m2="-0.0364275" m3="0" m4="0.0293764" m5="0.999446" m6="0.0156468" m7="0" m8="0.0368756" m9="0.0145593" m10="-0.999214" m11="0" m12="-0.0252495" m13="-0.146057" m14="0.0969391" m15="1"/>
                <BoneConnect bone_id="-1" num_connections="0" m0="1" m1="0" m2="0" m3="0" m4="0" m5="1" m6="0" m7="0" m8="0" m9="0" m10="1" m11="0" m12="0" m13="0" m14="0" m15="1"/>
                <BoneConnect bone_id="-1" num_connections="0" m0="1" m1="0" m2="0" m3="0" m4="0" m5="1" m6="0" m7="0" m8="0" m9="0" m10="1" m11="0" m12="0" m13="0" m14="0" m15="1"/>
                <BoneConnect bone_id="-1" num_connections="0" m0="1" m1="0" m2="0" m3="0" m4="0" m5="1" m6="0" m7="0" m8="0" m9="0" m10="1" m11="0" m12="0" m13="0" m14="0" m15="1"/>
            </EnvObjectAttachment>
            <EnvObjectAttachment>
                <BoneConnect bone_id="47" num_connections="1" m0="-0.995523" m1="-0.00989242" m2="-0.0940006" m3="0" m4="0.00132063" m5="0.992955" m6="-0.118483" m7="0" m8="0.0945103" m9="-0.118077" m10="-0.988497" m11="0" m12="-0.110718" m13="-0.293564" m14="0.111893" m15="1"/>
                <BoneConnect bone_id="-1" num_connections="0" m0="1" m1="0" m2="0" m3="0" m4="0" m5="1" m6="0" m7="0" m8="0" m9="0" m10="1" m11="0" m12="0" m13="0" m14="0" m15="1"/>
                <BoneConnect bone_id="-1" num_connections="0" m0="1" m1="0" m2="0" m3="0" m4="0" m5="1" m6="0" m7="0" m8="0" m9="0" m10="1" m11="0" m12="0" m13="0" m14="0" m15="1"/>
                <BoneConnect bone_id="-1" num_connections="0" m0="1" m1="0" m2="0" m3="0" m4="0" m5="1" m6="0" m7="0" m8="0" m9="0" m10="1" m11="0" m12="0" m13="0" m14="0" m15="1"/>
            </EnvObjectAttachment>
            <EnvObjectAttachment>
                <BoneConnect bone_id="0" num_connections="1" m0="-0.0098548" m1="-0.999952" m2="9.54481e-005" m3="0" m4="0.156315" m5="-0.00144626" m6="0.987706" m7="0" m8="-0.987658" m9="0.00974845" m10="0.156322" m11="0" m12="0.0469856" m13="-0.0507965" m14="0.104065" m15="1"/>
                <BoneConnect bone_id="-1" num_connections="0" m0="1" m1="0" m2="0" m3="0" m4="0" m5="1" m6="0" m7="0" m8="0" m9="0" m10="1" m11="0" m12="0" m13="0" m14="0" m15="1"/>
                <BoneConnect bone_id="-1" num_connections="0" m0="1" m1="0" m2="0" m3="0" m4="0" m5="1" m6="0" m7="0" m8="0" m9="0" m10="1" m11="0" m12="0" m13="0" m14="0" m15="1"/>
                <BoneConnect bone_id="-1" num_connections="0" m0="1" m1="0" m2="0" m3="0" m4="0" m5="1" m6="0" m7="0" m8="0" m9="0" m10="1" m11="0" m12="0" m13="0" m14="0" m15="1"/>
            </EnvObjectAttachment>
            <EnvObjectAttachment>
                <BoneConnect bone_id="0" num_connections="1" m0="-0.0098552" m1="-0.999952" m2="9.45321e-005" m3="0" m4="-0.17198" m5="0.00178807" m6="0.985099" m7="0" m8="-0.985051" m9="0.00969198" m10="-0.171989" m11="0" m12="-0.0572472" m13="-0.0504761" m14="0.102066" m15="1"/>
                <BoneConnect bone_id="-1" num_connections="0" m0="1" m1="0" m2="0" m3="0" m4="0" m5="1" m6="0" m7="0" m8="0" m9="0" m10="1" m11="0" m12="0" m13="0" m14="0" m15="1"/>
                <BoneConnect bone_id="-1" num_connections="0" m0="1" m1="0" m2="0" m3="0" m4="0" m5="1" m6="0" m7="0" m8="0" m9="0" m10="1" m11="0" m12="0" m13="0" m14="0" m15="1"/>
                <BoneConnect bone_id="-1" num_connections="0" m0="1" m1="0" m2="0" m3="0" m4="0" m5="1" m6="0" m7="0" m8="0" m9="0" m10="1" m11="0" m12="0" m13="0" m14="0" m15="1"/>
            </EnvObjectAttachment>
            <EnvObjectAttachment>
                <BoneConnect bone_id="0" num_connections="1" m0="0.134986" m1="-0.984886" m2="-0.108526" m3="0" m4="0.60035" m5="-0.00583993" m6="0.799716" m7="0" m8="-0.788263" m9="-0.173104" m10="0.590488" m11="0" m12="0.139622" m13="-0.0407562" m14="0.065155" m15="1"/>
                <BoneConnect bone_id="-1" num_connections="0" m0="1" m1="0" m2="0" m3="0" m4="0" m5="1" m6="0" m7="0" m8="0" m9="0" m10="1" m11="0" m12="0" m13="0" m14="0" m15="1"/>
                <BoneConnect bone_id="-1" num_connections="0" m0="1" m1="0" m2="0" m3="0" m4="0" m5="1" m6="0" m7="0" m8="0" m9="0" m10="1" m11="0" m12="0" m13="0" m14="0" m15="1"/>
                <BoneConnect bone_id="-1" num_connections="0" m0="1" m1="0" m2="0" m3="0" m4="0" m5="1" m6="0" m7="0" m8="0" m9="0" m10="1" m11="0" m12="0" m13="0" m14="0" m15="1"/>
            </EnvObjectAttachment>
            <EnvObjectAttachment>
                <BoneConnect bone_id="0" num_connections="1" m0="-0.224462" m1="-0.937551" m2="-0.265735" m3="0" m4="-0.642534" m5="-0.0626281" m6="0.763694" m7="0" m8="-0.732645" m9="0.342164" m10="-0.588351" m11="0" m12="-0.140915" m13="-0.0433502" m14="0.057312" m15="1"/>
                <BoneConnect bone_id="-1" num_connections="0" m0="1" m1="0" m2="0" m3="0" m4="0" m5="1" m6="0" m7="0" m8="0" m9="0" m10="1" m11="0" m12="0" m13="0" m14="0" m15="1"/>
                <BoneConnect bone_id="-1" num_connections="0" m0="1" m1="0" m2="0" m3="0" m4="0" m5="1" m6="0" m7="0" m8="0" m9="0" m10="1" m11="0" m12="0" m13="0" m14="0" m15="1"/>
                <BoneConnect bone_id="-1" num_connections="0" m0="1" m1="0" m2="0" m3="0" m4="0" m5="1" m6="0" m7="0" m8="0" m9="0" m10="1" m11="0" m12="0" m13="0" m14="0" m15="1"/>
            </EnvObjectAttachment>
        </EnvObjectAttachments>
        <EnvObject s0="1.09634" s1="1.09634" s2="1.09634" id="1085" color_r="1" color_g="1" color_b="1" overbright="0" type_file="Data/Objects/Gear/dog_armor/dog_armor_breastplate.xml">
            <parameters/>
        </EnvObject>
        <EnvObject s0="1.08914" s1="1.08914" s2="1.08914" id="1086" color_r="1" color_g="1" color_b="1" overbright="0" type_file="Data/Objects/Gear/dog_armor/dog_armor_backplate.xml">
            <parameters/>
        </EnvObject>
        <EnvObject s0="0.978608" s1="0.978608" s2="0.978608" id="1087" color_r="1" color_g="1" color_b="1" overbright="0" type_file="Data/Objects/Gear/dog_armor/dog_armor_lower_arm.xml">
            <parameters/>
        </EnvObject>
        <EnvObject s0="0.978608" s1="0.978608" s2="0.978608" id="1088" color_r="1" color_g="1" color_b="1" overbright="0" type_file="Data/Objects/Gear/dog_armor/dog_armor_lower_arm.xml">
            <parameters/>
        </EnvObject>
        <EnvObject s0="1" s1="1" s2="1" id="1089" color_r="1" color_g="1" color_b="1" overbright="0" type_file="Data/Objects/Gear/dog_armor/dog_armor_neck.xml">
            <parameters/>
        </EnvObject>
        <EnvObject s0="1" s1="1" s2="1" id="1090" color_r="1" color_g="1" color_b="1" overbright="0" type_file="Data/Objects/Gear/dog_armor/dog_armor_shoulder_b.xml">
            <parameters/>
        </EnvObject>
        <EnvObject s0="-1.0543" s1="1" s2="1.00004" id="1091" color_r="1" color_g="1" color_b="1" overbright="0" type_file="Data/Objects/Gear/dog_armor/dog_armor_neck.xml">
            <parameters/>
        </EnvObject>
        <EnvObject s0="-1.0543" s1="1" s2="1.00004" id="1092" color_r="1" color_g="1" color_b="1" overbright="0" type_file="Data/Objects/Gear/dog_armor/dog_armor_shoulder_b.xml">
            <parameters/>
        </EnvObject>
        <EnvObject s0="1" s1="1" s2="1" id="1093" color_r="1" color_g="1" color_b="1" overbright="0" type_file="Data/Objects/Gear/dog_armor/dog_armor_shoulder_a.xml">
            <parameters/>
        </EnvObject>
        <EnvObject s0="1.00003" s1="-0.834908" s2="1.00004" id="1094" color_r="1" color_g="1" color_b="1" overbright="0" type_file="Data/Objects/Gear/dog_armor/dog_armor_shoulder_a.xml">
            <parameters/>
        </EnvObject>
        <EnvObject s0="1" s1="1" s2="1" id="1095" color_r="1" color_g="1" color_b="1" overbright="0" type_file="Data/Objects/Gear/dog_armor/dog_armor_hip_plate.xml">
            <parameters/>
        </EnvObject>
        <EnvObject s0="-0.807333" s1="0.999926" s2="1" id="1096" color_r="1" color_g="1" color_b="1" overbright="0" type_file="Data/Objects/Gear/dog_armor/dog_armor_hip_plate.xml">
            <parameters/>
        </EnvObject>
        <Group t0="-53.7033" t1="6.55975" t2="99.5106" s0="0.0611801" s1="0.106201" s2="0.058075" q0="0.610352" q1="0.217279" q2="0.622812" q3="0.438595" id="1097" version="1">
            <parameters/>
            <EnvObject s0="1" s1="1" s2="1" id="1098" color_r="1" color_g="1" color_b="1" overbright="0" type_file="Data/Objects/Gear/dog_armor/dog_armor_detail_rectangle_plate.xml">
                <parameters/>
            </EnvObject>
            <EnvObject s0="1" s1="1" s2="1" id="1099" color_r="1" color_g="1" color_b="1" overbright="0" type_file="Data/Objects/Gear/dog_armor/dog_armor_detail_strut.xml">
                <parameters/>
            </EnvObject>
        </Group>
        <Group t0="-53.7054" t1="6.51366" t2="99.4864" s0="0.0570145" s1="0.100739" s2="0.0726624" q0="0.610352" q1="0.217279" q2="0.622812" q3="0.438595" id="1100" version="1">
            <parameters/>
            <EnvObject s0="1" s1="1" s2="1" id="1101" color_r="1" color_g="1" color_b="1" overbright="0" type_file="Data/Objects/Gear/dog_armor/dog_armor_detail_rectangle_plate.xml">
                <parameters/>
            </EnvObject>
            <EnvObject s0="1" s1="1" s2="1" id="1102" color_r="1" color_g="1" color_b="1" overbright="0" type_file="Data/Objects/Gear/dog_armor/dog_armor_detail_strut.xml">
                <parameters/>
            </EnvObject>
        </Group>
        <Group t0="-53.6774" t1="6.48" t2="99.4644" s0="0.0449066" s1="0.107788" s2="0.0830383" q0="0.610352" q1="0.217279" q2="0.622812" q3="0.438595" id="1103" version="1">
            <parameters/>
            <EnvObject s0="1" s1="1" s2="1" id="1104" color_r="1" color_g="1" color_b="1" overbright="0" type_file="Data/Objects/Gear/dog_armor/dog_armor_detail_rectangle_plate.xml">
                <parameters/>
            </EnvObject>
            <EnvObject s0="1" s1="1" s2="1" id="1105" color_r="1" color_g="1" color_b="1" overbright="0" type_file="Data/Objects/Gear/dog_armor/dog_armor_detail_strut.xml">
                <parameters/>
            </EnvObject>
        </Group>
        <Group t0="-53.536" t1="6.34046" t2="99.399" s0="0.0541306" s1="0.102722" s2="0.0648346" q0="0.783027" q1="-0.535253" q2="0.179011" q3="0.261396" id="1106" version="1">
            <parameters/>
            <EnvObject s0="1" s1="1" s2="1" id="1107" color_r="1" color_g="1" color_b="1" overbright="0" type_file="Data/Objects/Gear/dog_armor/dog_armor_detail_rectangle_plate.xml">
                <parameters/>
            </EnvObject>
            <EnvObject s0="1" s1="1" s2="1" id="1108" color_r="1" color_g="1" color_b="1" overbright="0" type_file="Data/Objects/Gear/dog_armor/dog_armor_detail_strut.xml">
                <parameters/>
            </EnvObject>
        </Group>
        <Group t0="-53.5208" t1="6.29729" t2="99.413" s0="0.0589218" s1="0.099884" s2="0.0486603" q0="0.783027" q1="-0.535253" q2="0.179011" q3="0.261396" id="1109" version="1">
            <parameters/>
            <EnvObject s0="1" s1="1" s2="1" id="1110" color_r="1" color_g="1" color_b="1" overbright="0" type_file="Data/Objects/Gear/dog_armor/dog_armor_detail_rectangle_plate.xml">
                <parameters/>
            </EnvObject>
