<?xml version="2.0" ?>
<Type>saved</Type>
<Name>To Alpha Wolf</Name>
<Description/>
<Shader>post</Shader>
<LoadingScreen>
    <Image>Data/LevelLoading/LugaruStory/To_alpha_wolf.xml_loading.jpg</Image>
</LoadingScreen>
<Terrain>
    <Heightmap>Data/Prototypes/Lugaru/Village/Village_Height.png</Heightmap>
    <ShaderExtra/>
    <DetailMap/>
    <ColorMap>Data/Prototypes/Lugaru/Village/Village_Color.tga</ColorMap>
    <WeightMap>Data/Prototypes/Lugaru/Village/Village_Weights.png</WeightMap>
    <DetailMaps>
        <DetailMap colorpath="Data/Textures/Terrain/DetailTextures/grass.tga" normalpath="Data/Textures/Terrain/DetailTextures/grass_normal.png" materialpath="Data/Materials/dirt.xml"/>
        <DetailMap colorpath="Data/Textures/Terrain/DetailTextures/dead_grass.tga" normalpath="Data/Textures/Terrain/DetailTextures/dead_grass_normal.tga" materialpath="Data/Materials/grass.xml"/>
        <DetailMap colorpath="Data/Textures/Terrain/DetailTextures/dead_leaves_c.tga" normalpath="Data/Textures/Terrain/DetailTextures/dead_leaves_n.tga" materialpath="Data/Materials/dirt.xml"/>
        <DetailMap colorpath="Data/Textures/Terrain/DetailTextures/dirt_rubble.tga" normalpath="Data/Textures/Terrain/DetailTextures/dirt_rubble_normal.tga" materialpath="Data/Materials/dirtyrock.xml"/>
    </DetailMaps>
    <DetailObjects>
        <DetailObject obj_path="Data/Objects/Plants/Groundcover/Grass/WildGrass.xml" weight_path="Data/Prototypes/Lugaru/Village/Village_GrassWeights.tga" normal_conform="1" density="2" min_embed="0.2" max_embed="0.4" min_scale="0.7" max_scale="2" view_distance="30" jitter_degrees="10" overbright="0" tint_weight="1"/>
        <DetailObject obj_path="Data/Objects/Plants/Groundcover/Grass/fall_tall_grass.xml" weight_path="Data/Prototypes/Lugaru/Village/Village_FallGrassWeights.tga" normal_conform="0.9" density="1" min_embed="0" max_embed="0.4" min_scale="2" max_scale="3" view_distance="50" jitter_degrees="10" overbright="0.2" tint_weight="1"/>
    </DetailObjects>
</Terrain>
<OutOfDate NavMesh="true" NavMeshParamHash="-1674835251"/>
<AmbientSounds>
    <Ambient path="Data/Sounds/ambient/amb_grassfield_loop"/>
</AmbientSounds>
<Script/>
<LevelScriptParameters>
    <parameter name="Achievements" type="string" val="flawless, no_injuries, no_kills"/>
    <parameter name="Extra AO" type="string" val="0.1"/>
    <parameter name="HDR Black point" type="string" val="0"/>
    <parameter name="HDR Bloom multiplier" type="string" val="0.065"/>
    <parameter name="HDR White point" type="string" val="0.68"/>
    <parameter name="Level Boundaries" type="string" val="1"/>
    <parameter name="Objectives" type="string" val="destroy_all"/>
    <parameter name="Saturation" type="float" val="1"/>
    <parameter name="Sky Rotation" type="string" val="-129"/>
</LevelScriptParameters>
<NavMeshParameters cell_size="0.3" cell_height="0.2" agent_height="1.7" agent_radius="0.4" agent_max_climb="1.5" agent_max_slope="60"/>
<Sky>
    <DomeTexture>Data/Textures/skies/Cirrus1.tga</DomeTexture>
    <SunAngularRad>0.110146</SunAngularRad>
    <SunColorAngle>326.915</SunColorAngle>
    <RayToSun r0="-0.730067" r1="0.478834" r2="-0.487565"/>
</Sky>
<ActorObjects>
    <ItemObject t0="-339.173" t1="-8.76808" t2="3.45886" s0="1" s1="1" s2="1" q0="0" q1="0" q2="0" q3="1" id="1" type_file="Data/Prototypes/Weapons/FlintKnife_Item.xml" color_r="1" color_g="1" color_b="1" overbright="0">
        <parameters/>
    </ItemObject>
    <ActorObject t0="-323.324" t1="-4.2868" t2="-15.726" s0="1" s1="1" s2="1" q0="0" q1="-0.626982" q2="0" q3="0.779034" id="3" type_file="Data/Objects/characters/wolves/male_wolf_actor.xml" is_player="0">
        <parameters>
            <parameter name="Aggression" type="string" val="0.5"/>
            <parameter name="Attack Damage" type="string" val="1"/>
            <parameter name="Attack Knockback" type="string" val="1"/>
            <parameter name="Attack Speed" type="string" val="1"/>
            <parameter name="Block Follow-up" type="string" val="0.5"/>
            <parameter name="Block Skill" type="string" val="0.5"/>
            <parameter name="Character Scale" type="string" val="1"/>
            <parameter name="Damage Resistance" type="string" val="1"/>
            <parameter name="Ear Size" type="string" val="1"/>
            <parameter name="Fat" type="string" val="0.5"/>
            <parameter name="Focus FOV distance" type="string" val="50"/>
            <parameter name="Focus FOV horizontal" type="string" val="0.63"/>
            <parameter name="Focus FOV vertical" type="string" val="0.63"/>
            <parameter name="Ground Aggression" type="string" val="0.5"/>
            <parameter name="Knockout Shield" type="string" val="3"/>
            <parameter name="Left handed" type="string" val="0"/>
            <parameter name="Lives" type="string" val="1"/>
            <parameter name="Movement Speed" type="string" val="1"/>
            <parameter name="Muscle" type="string" val="0.6000000000000001"/>
            <parameter name="Peripheral FOV distance" type="string" val="12.5"/>
            <parameter name="Peripheral FOV horizontal" type="string" val="1.4100000000000001"/>
            <parameter name="Peripheral FOV vertical" type="string" val="1.4100000000000001"/>
            <parameter name="Static" type="string" val="0"/>
            <parameter name="Teams" type="string" val="Shadow, Snow,"/>
        </parameters>
        <Connections>
            <Connection id="18"/>
        </Connections>
        <ItemConnections/>
        <Palette>
            <Color label="Fur" channel="0" red="0.027451" green="0.0196078" blue="0.0156863"/>
            <Color label="Back" channel="1" red="0.0823529" green="0.0588235" blue="0.0352941"/>
            <Color label="Neck" channel="2" red="0.513726" green="0.380392" blue="0.294118"/>
            <Color label="Legs" channel="3" red="0.0823529" green="0.0470588" blue="0.0117647"/>
        </Palette>
    </ActorObject>
    <ActorObject t0="-320.111" t1="-4.23689" t2="-11.0365" s0="1" s1="1" s2="1" q0="0" q1="-0.969974" q2="0" q3="0.243209" id="4" type_file="Data/Objects/characters/wolves/male_wolf_actor.xml" is_player="0">
        <parameters>
            <parameter name="Aggression" type="string" val="0.5"/>
            <parameter name="Attack Damage" type="string" val="1"/>
            <parameter name="Attack Knockback" type="string" val="1"/>
            <parameter name="Attack Speed" type="string" val="1"/>
            <parameter name="Block Follow-up" type="string" val="0.5"/>
            <parameter name="Block Skill" type="string" val="0.5"/>
            <parameter name="Character Scale" type="string" val="1"/>
            <parameter name="Damage Resistance" type="string" val="1"/>
            <parameter name="Ear Size" type="string" val="0.6000000000000001"/>
            <parameter name="Fat" type="string" val="0.45"/>
            <parameter name="Focus FOV distance" type="string" val="50"/>
            <parameter name="Focus FOV horizontal" type="string" val="0.63"/>
            <parameter name="Focus FOV vertical" type="string" val="0.63"/>
            <parameter name="Ground Aggression" type="string" val="0.5"/>
            <parameter name="Knockout Shield" type="string" val="3"/>
            <parameter name="Left handed" type="string" val="0"/>
            <parameter name="Lives" type="string" val="1"/>
            <parameter name="Movement Speed" type="string" val="1"/>
            <parameter name="Muscle" type="string" val="0.5"/>
            <parameter name="Peripheral FOV distance" type="string" val="14.200000000000001"/>
            <parameter name="Peripheral FOV horizontal" type="string" val="1.4100000000000001"/>
            <parameter name="Peripheral FOV vertical" type="string" val="1.4100000000000001"/>
            <parameter name="Static" type="string" val="0"/>
            <parameter name="Teams" type="string" val="Snow, Shadow,"/>
        </parameters>
        <Connections>
            <Connection id="163"/>
        </Connections>
        <ItemConnections/>
        <Palette>
            <Color label="Fur" channel="0" red="0.384314" green="0.380392" blue="0.341176"/>
            <Color label="Back" channel="1" red="0.266667" green="0.266667" blue="0.266667"/>
            <Color label="Neck" channel="2" red="0.247059" green="0.235294" blue="0.180392"/>
            <Color label="Legs" channel="3" red="0.054902" green="0.054902" blue="0.054902"/>
        </Palette>
    </ActorObject>
    <EnvObject t0="-376.646" t1="-15.2092" t2="29.9499" s0="0.781839" s1="0.69789" s2="0.843213" q0="-0.0376157" q1="-0.252218" q2="-0.0706918" q3="0.964351" id="12" color_r="0.266667" color_g="0.305882" color_b="0.243137" overbright="0" type_file="Data/Objects/Plants/Trees/temperate/green_bush.xml">
        <parameters/>
    </EnvObject>
    <EnvObject t0="-396.84" t1="-17.2996" t2="43.6046" s0="0.781839" s1="0.69789" s2="0.843213" q0="0.0345835" q1="0.173736" q2="-0.0213017" q3="0.983954" id="13" color_r="0.266667" color_g="0.305882" color_b="0.243137" overbright="0" type_file="Data/Objects/Plants/Trees/temperate/green_bush.xml">
        <parameters/>
    </EnvObject>
    <EnvObject t0="-308.147" t1="15.7092" t2="81.4133" s0="0.540506" s1="0.540506" s2="0.540506" q0="-0.0402395" q1="-0.147749" q2="0.109161" q3="0.982158" id="14" color_r="0.266667" color_g="0.305882" color_b="0.243137" overbright="0" type_file="Data/Objects/Plants/Trees/temperate/green_bush.xml">
        <parameters/>
    </EnvObject>
    <Group t0="-323.546" t1="25.7538" t2="-99.7553" s0="7.62256" s1="15.4658" s2="7.23528" q0="0" q1="-0.648334" q2="0" q3="0.761356" id="15" version="1">
        <parameters/>
        <EnvObject t0="-323.717" t1="25.1028" t2="-99.6944" s0="2.05508" s1="1.88507" s2="2.05508" q0="0" q1="-0.648333" q2="0" q3="0.761357" id="16" color_r="1" color_g="1" color_b="1" overbright="0" type_file="Data/Prototypes/Lugaru/CypressTreeTrunk_Small.xml">
            <parameters/>
        </EnvObject>
        <EnvObject t0="-323.515" t1="29.257" t2="-99.5876" s0="2.05508" s1="1.88507" s2="2.05508" q0="0" q1="-0.648333" q2="0" q3="0.761357" id="35" color_r="1" color_g="1" color_b="1" overbright="0" type_file="Data/Prototypes/Lugaru/CypressTreeLeaves_Small1.xml">
            <parameters/>
        </EnvObject>
        <EnvObject t0="-323.536" t1="24.8584" t2="-99.6965" s0="2.05508" s1="1.88507" s2="2.05508" q0="0" q1="-0.648333" q2="0" q3="0.761357" id="36" color_r="1" color_g="1" color_b="1" overbright="0" type_file="Data/Prototypes/Lugaru/CypressTreeLeaves_Small2.xml">
            <parameters/>
        </EnvObject>
        <EnvObject t0="-323.538" t1="22.0406" t2="-99.7567" s0="2.05508" s1="1.88507" s2="2.05508" q0="0" q1="-0.648333" q2="0" q3="0.761357" id="37" color_r="1" color_g="1" color_b="1" overbright="0" type_file="Data/Prototypes/Lugaru/CypressTreeLeaves_Small3.xml">
            <parameters/>
        </EnvObject>
    </Group>
    <PathPointObject t0="-323.715" t1="-4.71218" t2="-18.4099" s0="1" s1="1" s2="1" q0="0" q1="0" q2="0" q3="1" id="18" type_file="">
        <parameters>
            <parameter name="Type" type="string" val="Stand"/>
            <parameter name="Wait" type="string" val="1"/>
        </parameters>
        <Connections>
            <Connection id="19"/>
            <Connection id="156"/>
        </Connections>
    </PathPointObject>
    <PathPointObject t0="-330.943" t1="-5.5162" t2="-21.9282" s0="1" s1="1" s2="1" q0="0" q1="0" q2="0" q3="1" id="19" type_file="">
        <parameters>
            <parameter name="Type" type="string" val="Stand"/>
            <parameter name="Wait" type="string" val="2"/>
        </parameters>
        <Connections>
            <Connection id="18"/>
            <Connection id="20"/>
        </Connections>
    </PathPointObject>
    <PathPointObject t0="-333.752" t1="-5.06762" t2="-26.766" s0="1" s1="1" s2="1" q0="0" q1="0" q2="0" q3="1" id="20" type_file="">
        <parameters>
            <parameter name="Type" type="string" val="Stand"/>
            <parameter name="Wait" type="string" val="1"/>
        </parameters>
        <Connections>
            <Connection id="19"/>
            <Connection id="21"/>
        </Connections>
    </PathPointObject>
    <PathPointObject t0="-343.864" t1="-6.22325" t2="-24.1065" s0="1" s1="1" s2="1" q0="0" q1="0" q2="0" q3="1" id="21" type_file="">
        <parameters>
            <parameter name="Type" type="string" val="Stand"/>
            <parameter name="Wait" type="string" val="2"/>
        </parameters>
        <Connections>
            <Connection id="20"/>
            <Connection id="156"/>
        </Connections>
    </PathPointObject>
    <PlaceholderObject t0="-322.17" t1="1.04201" t2="-8.33597" s0="1" s1="1" s2="1" q0="0" q1="0" q2="0" q3="1" id="22" type_file="" special_type="0">
        <parameters>
            <parameter name="Dialogue" type="string" val="Data/Dialogue/LugaruStory/To_alpha_wolf_dialogue_0.txt"/>
            <parameter name="DisplayName" type="string" val="Turner"/>
            <parameter name="NumParticipants" type="int" val="3"/>
            <parameter name="obj_1" type="int" val="26"/>
            <parameter name="obj_2" type="int" val="27"/>
            <parameter name="obj_3" type="int" val="28"/>
        </parameters>
        <Connections>
            <Connection id="22"/>
        </Connections>
    </PlaceholderObject>
    <ActorObject name="Turner" t0="-340.871" t1="-8.40492" t2="2.55675" s0="1" s1="1" s2="1" q0="0" q1="0.879011" q2="0" q3="0.476802" id="23" type_file="Data/Objects/IGF_Characters/pale_turner_actor.xml" is_player="1">
        <parameters>
            <parameter name="Aggression" type="string" val="0.5"/>
            <parameter name="Armor" type="string" val="metal"/>
            <parameter name="Attack Damage" type="string" val="1.0"/>
            <parameter name="Attack Knockback" type="string" val="1.0"/>
            <parameter name="Attack Speed" type="string" val="1.0"/>
            <parameter name="Block Follow-up" type="string" val="0.5"/>
            <parameter name="Block Skill" type="string" val="0.5"/>
            <parameter name="Character Scale" type="string" val="1"/>
            <parameter name="Damage Resistance" type="string" val="1.0"/>
            <parameter name="Ear Size" type="string" val="1"/>
            <parameter name="Fat" type="string" val="0.5"/>
            <parameter name="Focus FOV distance" type="string" val="10"/>
            <parameter name="Focus FOV horizontal" type="string" val="0.63"/>
            <parameter name="Focus FOV vertical" type="string" val="0.63"/>
            <parameter name="Ground Aggression" type="string" val="0.5"/>
            <parameter name="Knockout Shield" type="string" val="3"/>
            <parameter name="Left handed" type="string" val="0"/>
            <parameter name="Lives" type="string" val="1"/>
            <parameter name="Movement Speed" type="string" val="1.0"/>
            <parameter name="Muscle" type="string" val="0.5"/>
            <parameter name="Peripheral FOV distance" type="string" val="4"/>
            <parameter name="Peripheral FOV horizontal" type="string" val="1.4100000000000001"/>
            <parameter name="Peripheral FOV vertical" type="string" val="1.4100000000000001"/>
            <parameter name="Static" type="string" val="0"/>
            <parameter name="Teams" type="string" val="Turner, Jack, Clover, Skipper, Sarah, April"/>
        </parameters>
        <Connections>
            <Connection id="-1"/>
        </Connections>
        <ItemConnections>
            <ItemConnection id="1" type="1" mirrored="1" attachment=""/>
        </ItemConnections>
        <Palette>
            <Color label="Fur" channel="0" red="0.360784" green="0.298039" blue="0.211765"/>
            <Color label="Ropes" channel="1" red="0.0901961" green="0.0784314" blue="0.0627451"/>
            <Color label="Pants" channel="2" red="0.145098" green="0.145098" blue="0.145098"/>
            <Color label="Spots" channel="3" red="1" green="1" blue="1"/>
        </Palette>
        <EnvObjectAttachments>
            <EnvObjectAttachment>
                <BoneConnect bone_id="2" num_connections="4" m0="0.996005" m1="-0.00473699" m2="0.0891681" m3="0" m4="0.00598852" m5="0.999887" m6="-0.0137733" m7="0" m8="-0.0890929" m9="0.0142523" m10="0.995921" m11="0" m12="-0.0123596" m13="0.17189" m14="0.0854187" m15="1"/>
                <BoneConnect bone_id="1" num_connections="2" m0="0.999735" m1="-0.00418213" m2="0.022646" m3="0" m4="0.00474177" m5="0.999683" m6="-0.0247155" m7="0" m8="-0.0225356" m9="0.0248164" m10="0.999438" m11="0" m12="-0.00623322" m13="0.173981" m14="0.0890579" m15="1"/>
                <BoneConnect bone_id="17" num_connections="1" m0="0.992923" m1="-0.0779654" m2="0.0895876" m3="0" m4="0.0813188" m5="0.996094" m6="-0.0344061" m7="0" m8="-0.0865552" m9="0.0414477" m10="0.995385" m11="0" m12="-0.0263596" m13="0.173111" m14="0.0878601" m15="1"/>
                <BoneConnect bone_id="4" num_connections="1" m0="0.988567" m1="0.123519" m2="0.0864845" m3="0" m4="-0.120943" m5="0.992062" m6="-0.0344373" m7="0" m8="-0.0900516" m9="0.0235839" m10="0.995658" m11="0" m12="0.0115356" m13="0.17009" m14="0.0879669" m15="1"/>
            </EnvObjectAttachment>
            <EnvObjectAttachment>
                <BoneConnect bone_id="2" num_connections="4" m0="0.994724" m1="0.000455423" m2="0.102583" m3="0" m4="-0.000433161" m5="1" m6="-0.00023932" m7="0" m8="-0.102583" m9="0.000193628" m10="0.994724" m11="0" m12="0.00510406" m13="0.197296" m14="-0.132286" m15="1"/>
                <BoneConnect bone_id="1" num_connections="3" m0="0.999974" m1="0.00274374" m2="0.0067151" m3="0" m4="-0.00262094" m5="0.999831" m6="-0.0182281" m7="0" m8="-0.00676399" m9="0.0182101" m10="0.999811" m11="0" m12="-0.00715637" m13="0.195663" m14="-0.13089" m15="1"/>
                <BoneConnect bone_id="17" num_connections="1" m0="0.991979" m1="-0.0733816" m2="0.10292" m3="0" m4="0.0751342" m5="0.997085" m6="-0.0132513" m7="0" m8="-0.101648" m9="0.0208778" m10="0.994601" m11="0" m12="-0.00721741" m13="0.193558" m14="-0.130936" m15="1"/>
                <BoneConnect bone_id="4" num_connections="1" m0="0.986734" m1="0.128058" m2="0.0997813" m3="0" m4="-0.12737" m5="0.991767" m6="-0.0132598" m7="0" m8="-0.100658" m9="0.000374725" m10="0.994921" m11="0" m12="0.0255432" m13="0.193848" m14="-0.130859" m15="1"/>
            </EnvObjectAttachment>
            <EnvObjectAttachment>
                <BoneConnect bone_id="9" num_connections="3" m0="0.962866" m1="0.0673709" m2="0.26144" m3="0" m4="-0.150336" m5="0.938136" m6="0.311929" m7="0" m8="-0.224251" m9="-0.33965" m10="0.913427" m11="0" m12="0.479675" m13="0.163338" m14="-0.0299759" m15="1"/>
                <BoneConnect bone_id="8" num_connections="1" m0="0.974401" m1="0.0800306" m2="0.210091" m3="0" m4="-0.131184" m5="0.961307" m6="0.242238" m7="0" m8="-0.182575" m9="-0.263597" m10="0.947197" m11="0" m12="0.479935" m13="0.163236" m14="-0.0317764" m15="1"/>
                <BoneConnect bone_id="-1" num_connections="0" m0="1" m1="0" m2="0" m3="0" m4="0" m5="1" m6="0" m7="0" m8="0" m9="0" m10="1" m11="0" m12="0" m13="0" m14="0" m15="1"/>
                <BoneConnect bone_id="-1" num_connections="0" m0="1" m1="0" m2="0" m3="0" m4="0" m5="1" m6="0" m7="0" m8="0" m9="0" m10="1" m11="0" m12="0" m13="0" m14="0" m15="1"/>
            </EnvObjectAttachment>
            <EnvObjectAttachment>
                <BoneConnect bone_id="22" num_connections="3" m0="-0.981473" m1="0.101812" m2="0.162312" m3="0" m4="0.0869856" m5="0.991574" m6="-0.0959909" m7="0" m8="-0.170717" m9="-0.0800938" m10="-0.982059" m11="0" m12="-0.508236" m13="0.149796" m14="-0.0272369" m15="1"/>
                <BoneConnect bone_id="21" num_connections="1" m0="-0.988506" m1="0.106318" m2="0.107486" m3="0" m4="0.0868697" m5="0.981305" m6="-0.171738" m7="0" m8="-0.123735" m9="-0.160427" m10="-0.979261" m11="0" m12="-0.508678" m13="0.149643" m14="-0.0292969" m15="1"/>
                <BoneConnect bone_id="-1" num_connections="0" m0="1" m1="0" m2="0" m3="0" m4="0" m5="1" m6="0" m7="0" m8="0" m9="0" m10="1" m11="0" m12="0" m13="0" m14="0" m15="1"/>
                <BoneConnect bone_id="-1" num_connections="0" m0="1" m1="0" m2="0" m3="0" m4="0" m5="1" m6="0" m7="0" m8="0" m9="0" m10="1" m11="0" m12="0" m13="0" m14="0" m15="1"/>
            </EnvObjectAttachment>
            <EnvObjectAttachment>
                <BoneConnect bone_id="4" num_connections="2" m0="0.991915" m1="0.117757" m2="-0.0472918" m3="0" m4="-0.121565" m5="0.988683" m6="-0.0879106" m7="0" m8="0.0364045" m9="0.092949" m10="0.995005" m11="0" m12="0.0997772" m13="0.42926" m14="-0.0213776" m15="1"/>
                <BoneConnect bone_id="2" num_connections="1" m0="0.998969" m1="-0.00776275" m2="-0.0447161" m3="0" m4="0.00504187" m5="0.998147" m6="-0.0606416" m7="0" m8="0.045104" m9="0.0603537" m10="0.997157" m11="0" m12="0.108292" m13="0.419983" m14="-0.0175972" m15="1"/>
                <BoneConnect bone_id="6" num_connections="0" m0="0.660285" m1="0.749415" m2="-0.049004" m3="0" m4="-0.750554" m5="0.656185" m6="-0.0780376" m7="0" m8="-0.0263268" m9="0.0883072" m10="0.995745" m11="0" m12="0.0477753" m13="0.365773" m14="-0.016571" m15="1"/>
                <BoneConnect bone_id="-1" num_connections="0" m0="1" m1="0" m2="0" m3="0" m4="0" m5="1" m6="0" m7="0" m8="0" m9="0" m10="1" m11="0" m12="0" m13="0" m14="0" m15="1"/>
            </EnvObjectAttachment>
            <EnvObjectAttachment>
                <BoneConnect bone_id="4" num_connections="3" m0="0.994831" m1="0.0985801" m2="0.0243659" m3="0" m4="-0.0987258" m5="0.995103" m6="0.00484669" m7="0" m8="-0.0237688" m9="-0.00722719" m10="0.999691" m11="0" m12="0.169823" m13="0.389435" m14="-0.0235672" m15="1"/>
                <BoneConnect bone_id="6" num_connections="1" m0="0.630731" m1="0.77562" m2="0.0243299" m3="0" m4="-0.775918" m5="0.630812" m6="0.00513303" m7="0" m8="-0.0113663" m9="-0.0221155" m10="0.999691" m11="0" m12="0.123074" m13="0.38147" m14="-0.0189495" m15="1"/>
                <BoneConnect bone_id="-1" num_connections="0" m0="1" m1="0" m2="0" m3="0" m4="0" m5="1" m6="0" m7="0" m8="0" m9="0" m10="1" m11="0" m12="0" m13="0" m14="0" m15="1"/>
                <BoneConnect bone_id="-1" num_connections="0" m0="1" m1="0" m2="0" m3="0" m4="0" m5="1" m6="0" m7="0" m8="0" m9="0" m10="1" m11="0" m12="0" m13="0" m14="0" m15="1"/>
            </EnvObjectAttachment>
            <EnvObjectAttachment>
                <BoneConnect bone_id="17" num_connections="2" m0="0.996063" m1="-0.07787" m2="0.042373" m3="0" m4="0.0804627" m5="0.994741" m6="-0.0633753" m7="0" m8="-0.037215" m9="0.0665352" m10="0.99709" m11="0" m12="-0.0927391" m13="0.432007" m14="-0.0194168" m15="1"/>
                <BoneConnect bone_id="2" num_connections="2" m0="0.999116" m1="-0.00269647" m2="0.0419627" m3="0" m4="0.0051549" m5="0.998269" m6="-0.0585885" m7="0" m8="-0.0417321" m9="0.058753" m10="0.9974" m11="0" m12="-0.098175" m13="0.427246" m14="-0.0189056" m15="1"/>
                <BoneConnect bone_id="-1" num_connections="0" m0="1" m1="0" m2="0" m3="0" m4="0" m5="1" m6="0" m7="0" m8="0" m9="0" m10="1" m11="0" m12="0" m13="0" m14="0" m15="1"/>
                <BoneConnect bone_id="-1" num_connections="0" m0="1" m1="0" m2="0" m3="0" m4="0" m5="1" m6="0" m7="0" m8="0" m9="0" m10="1" m11="0" m12="0" m13="0" m14="0" m15="1"/>
            </EnvObjectAttachment>
            <EnvObjectAttachment>
                <BoneConnect bone_id="19" num_connections="2" m0="0.705764" m1="-0.705221" m2="-0.0675288" m3="0" m4="0.695234" m5="0.707771" m6="-0.125337" m7="0" m8="0.136185" m9="0.04151" m10="0.989813" m11="0" m12="-0.125626" m13="0.38308" m14="-0.0246048" m15="1"/>
                <BoneConnect bone_id="17" num_connections="4" m0="0.999658" m1="0.0249382" m2="-0.0079271" m3="0" m4="-0.0254664" m5="0.996817" m6="-0.0755462" m7="0" m8="0.00601783" m9="0.0757222" m10="0.997111" m11="0" m12="-0.174667" m13="0.387726" m14="-0.0269241" m15="1"/>
                <BoneConnect bone_id="-1" num_connections="0" m0="1" m1="0" m2="0" m3="0" m4="0" m5="1" m6="0" m7="0" m8="0" m9="0" m10="1" m11="0" m12="0" m13="0" m14="0" m15="1"/>
                <BoneConnect bone_id="-1" num_connections="0" m0="1" m1="0" m2="0" m3="0" m4="0" m5="1" m6="0" m7="0" m8="0" m9="0" m10="1" m11="0" m12="0" m13="0" m14="0" m15="1"/>
            </EnvObjectAttachment>
            <EnvObjectAttachment>
                <BoneConnect bone_id="6" num_connections="1" m0="0.994293" m1="-0.0444433" m2="-0.0969827" m3="0" m4="0.0244222" m5="0.979774" m6="-0.198608" m7="0" m8="0.103848" m9="0.195106" m10="0.975268" m11="0" m12="0.264297" m13="0.299934" m14="-0.036705" m15="1"/>
                <BoneConnect bone_id="7" num_connections="1" m0="0.987979" m1="-0.0541834" m2="-0.144781" m3="0" m4="0.0108518" m5="0.958561" m6="-0.284681" m7="0" m8="0.154207" m9="0.279688" m10="0.947626" m11="0" m12="0.26416" m13="0.300022" m14="-0.0395203" m15="1"/>
                <BoneConnect bone_id="-1" num_connections="0" m0="1" m1="0" m2="0" m3="0" m4="0" m5="1" m6="0" m7="0" m8="0" m9="0" m10="1" m11="0" m12="0" m13="0" m14="0" m15="1"/>
                <BoneConnect bone_id="-1" num_connections="0" m0="1" m1="0" m2="0" m3="0" m4="0" m5="1" m6="0" m7="0" m8="0" m9="0" m10="1" m11="0" m12="0" m13="0" m14="0" m15="1"/>
            </EnvObjectAttachment>
            <EnvObjectAttachment>
                <BoneConnect bone_id="19" num_connections="1" m0="-0.995928" m1="-0.083959" m2="0.0328414" m3="0" m4="0.0875681" m5="-0.987512" m6="0.130964" m7="0" m8="0.0214356" m9="0.133306" m10="0.990843" m11="0" m12="-0.278511" m13="0.300781" m14="-0.0275726" m15="1"/>
                <BoneConnect bone_id="20" num_connections="1" m0="-0.994598" m1="-0.084488" m2="-0.0603096" m3="0" m4="0.0613374" m5="-0.947048" m6="0.315178" m7="0" m8="-0.083745" m9="0.309776" m10="0.947114" m11="0" m12="-0.279182" m13="0.302094" m14="-0.0352402" m15="1"/>
                <BoneConnect bone_id="-1" num_connections="0" m0="1" m1="0" m2="0" m3="0" m4="0" m5="1" m6="0" m7="0" m8="0" m9="0" m10="1" m11="0" m12="0" m13="0" m14="0" m15="1"/>
                <BoneConnect bone_id="-1" num_connections="0" m0="1" m1="0" m2="0" m3="0" m4="0" m5="1" m6="0" m7="0" m8="0" m9="0" m10="1" m11="0" m12="0" m13="0" m14="0" m15="1"/>
            </EnvObjectAttachment>
            <EnvObjectAttachment>
                <BoneConnect bone_id="0" num_connections="1" m0="0.957354" m1="0.0917766" m2="-0.273956" m3="0" m4="-0.0823631" m5="0.995554" m6="0.0456934" m7="0" m8="0.276932" m9="-0.0211808" m10="0.960657" m11="0" m12="0.140167" m13="-0.00817871" m14="-0.0217667" m15="1"/>
                <BoneConnect bone_id="1" num_connections="1" m0="0.964619" m1="0.0834662" m2="-0.250089" m3="0" m4="-0.0776517" m5="0.996433" m6="0.0330449" m7="0" m8="0.251955" m9="-0.0124558" m10="0.967659" m11="0" m12="0.140526" m13="-0.00938416" m14="-0.0180588" m15="1"/>
                <BoneConnect bone_id="-1" num_connections="0" m0="1" m1="0" m2="0" m3="0" m4="0" m5="1" m6="0" m7="0" m8="0" m9="0" m10="1" m11="0" m12="0" m13="0" m14="0" m15="1"/>
                <BoneConnect bone_id="-1" num_connections="0" m0="1" m1="0" m2="0" m3="0" m4="0" m5="1" m6="0" m7="0" m8="0" m9="0" m10="1" m11="0" m12="0" m13="0" m14="0" m15="1"/>
            </EnvObjectAttachment>
            <EnvObjectAttachment>
                <BoneConnect bone_id="1" num_connections="1" m0="0.977975" m1="-0.120322" m2="0.170552" m3="0" m4="0.118284" m5="0.992734" m6="0.0220992" m7="0" m8="-0.171971" m9="-0.00143889" m10="0.985101" m11="0" m12="-0.138062" m13="-0.00311279" m14="-0.0170441" m15="1"/>
                <BoneConnect bone_id="0" num_connections="1" m0="0.982714" m1="-0.116356" m2="0.143996" m3="0" m4="0.113242" m5="0.993124" m6="0.0296633" m7="0" m8="-0.146458" m9="-0.0128441" m10="0.989134" m11="0" m12="-0.138336" m13="-0.00357056" m14="-0.0135117" m15="1"/>
                <BoneConnect bone_id="-1" num_connections="0" m0="1" m1="0" m2="0" m3="0" m4="0" m5="1" m6="0" m7="0" m8="0" m9="0" m10="1" m11="0" m12="0" m13="0" m14="0" m15="1"/>
                <BoneConnect bone_id="-1" num_connections="0" m0="1" m1="0" m2="0" m3="0" m4="0" m5="1" m6="0" m7="0" m8="0" m9="0" m10="1" m11="0" m12="0" m13="0" m14="0" m15="1"/>
            </EnvObjectAttachment>
            <EnvObjectAttachment>
                <BoneConnect bone_id="46" num_connections="2" m0="-0.732064" m1="0.0325683" m2="-0.680456" m3="0" m4="-0.135227" m5="0.972032" m6="0.192007" m7="0" m8="0.667679" m9="0.232578" m10="-0.707186" m11="0" m12="-0.159971" m13="-0.172806" m14="0.0673599" m15="1"/>
                <BoneConnect bone_id="47" num_connections="1" m0="-0.822544" m1="0.0638517" m2="-0.565105" m3="0" m4="-0.0736426" m5="0.973352" m6="0.217171" m7="0" m8="0.563913" m9="0.220248" m10="-0.795923" m11="0" m12="-0.149645" m13="-0.171402" m14="0.0767822" m15="1"/>
                <BoneConnect bone_id="-1" num_connections="0" m0="1" m1="0" m2="0" m3="0" m4="0" m5="1" m6="0" m7="0" m8="0" m9="0" m10="1" m11="0" m12="0" m13="0" m14="0" m15="1"/>
                <BoneConnect bone_id="-1" num_connections="0" m0="1" m1="0" m2="0" m3="0" m4="0" m5="1" m6="0" m7="0" m8="0" m9="0" m10="1" m11="0" m12="0" m13="0" m14="0" m15="1"/>
            </EnvObjectAttachment>
            <EnvObjectAttachment>
                <BoneConnect bone_id="46" num_connections="2" m0="-0.732064" m1="0.0325683" m2="-0.680456" m3="0" m4="-0.135227" m5="0.972032" m6="0.192007" m7="0" m8="0.667679" m9="0.232578" m10="-0.707186" m11="0" m12="-0.118544" m13="-0.168076" m14="0.0988312" m15="1"/>
                <BoneConnect bone_id="47" num_connections="1" m0="-0.822544" m1="0.0638517" m2="-0.565105" m3="0" m4="-0.0736426" m5="0.973352" m6="0.217171" m7="0" m8="0.563913" m9="0.220248" m10="-0.795923" m11="0" m12="-0.103922" m13="-0.168381" m14="0.101845" m15="1"/>
                <BoneConnect bone_id="-1" num_connections="0" m0="1" m1="0" m2="0" m3="0" m4="0" m5="1" m6="0" m7="0" m8="0" m9="0" m10="1" m11="0" m12="0" m13="0" m14="0" m15="1"/>
                <BoneConnect bone_id="-1" num_connections="0" m0="1" m1="0" m2="0" m3="0" m4="0" m5="1" m6="0" m7="0" m8="0" m9="0" m10="1" m11="0" m12="0" m13="0" m14="0" m15="1"/>
            </EnvObjectAttachment>
            <EnvObjectAttachment>
                <BoneConnect bone_id="46" num_connections="2" m0="-0.732064" m1="0.0325683" m2="-0.680456" m3="0" m4="-0.135227" m5="0.972032" m6="0.192007" m7="0" m8="0.667679" m9="0.232578" m10="-0.707186" m11="0" m12="-0.0695019" m13="-0.169632" m14="0.0991592" m15="1"/>
                <BoneConnect bone_id="47" num_connections="1" m0="-0.822544" m1="0.0638517" m2="-0.565105" m3="0" m4="-0.0736426" m5="0.973352" m6="0.217171" m7="0" m8="0.563913" m9="0.220248" m10="-0.795923" m11="0" m12="-0.0554371" m13="-0.171478" m14="0.0949478" m15="1"/>
                <BoneConnect bone_id="-1" num_connections="0" m0="1" m1="0" m2="0" m3="0" m4="0" m5="1" m6="0" m7="0" m8="0" m9="0" m10="1" m11="0" m12="0" m13="0" m14="0" m15="1"/>
                <BoneConnect bone_id="-1" num_connections="0" m0="1" m1="0" m2="0" m3="0" m4="0" m5="1" m6="0" m7="0" m8="0" m9="0" m10="1" m11="0" m12="0" m13="0" m14="0" m15="1"/>
            </EnvObjectAttachment>
            <EnvObjectAttachment>
                <BoneConnect bone_id="39" num_connections="2" m0="0.909422" m1="0.0890255" m2="-0.406234" m3="0" m4="0.0024732" m5="0.975644" m6="0.219347" m7="0" m8="0.415867" m9="-0.200484" m10="0.887052" m11="0" m12="0.0821762" m13="-0.176743" m14="0.0986023" m15="1"/>
                <BoneConnect bone_id="40" num_connections="1" m0="0.933167" m1="0.104194" m2="-0.34401" m3="0" m4="-0.0266158" m5="0.974467" m6="0.222949" m7="0" m8="0.358456" m9="-0.198892" m10="0.912114" m11="0" m12="0.0758133" m13="-0.177246" m14="0.0977631" m15="1"/>
                <BoneConnect bone_id="-1" num_connections="0" m0="1" m1="0" m2="0" m3="0" m4="0" m5="1" m6="0" m7="0" m8="0" m9="0" m10="1" m11="0" m12="0" m13="0" m14="0" m15="1"/>
                <BoneConnect bone_id="-1" num_connections="0" m0="1" m1="0" m2="0" m3="0" m4="0" m5="1" m6="0" m7="0" m8="0" m9="0" m10="1" m11="0" m12="0" m13="0" m14="0" m15="1"/>
            </EnvObjectAttachment>
            <EnvObjectAttachment>
                <BoneConnect bone_id="39" num_connections="2" m0="0.909422" m1="0.0890255" m2="-0.406234" m3="0" m4="0.0024732" m5="0.975644" m6="0.219347" m7="0" m8="0.415867" m9="-0.200484" m10="0.887052" m11="0" m12="0.129745" m13="-0.174225" m14="0.0934448" m15="1"/>
                <BoneConnect bone_id="40" num_connections="1" m0="0.933167" m1="0.104194" m2="-0.34401" m3="0" m4="-0.0266158" m5="0.974467" m6="0.222949" m7="0" m8="0.358456" m9="-0.198892" m10="0.912114" m11="0" m12="0.123581" m13="-0.174011" m14="0.0958099" m15="1"/>
                <BoneConnect bone_id="-1" num_connections="0" m0="1" m1="0" m2="0" m3="0" m4="0" m5="1" m6="0" m7="0" m8="0" m9="0" m10="1" m11="0" m12="0" m13="0" m14="0" m15="1"/>
                <BoneConnect bone_id="-1" num_connections="0" m0="1" m1="0" m2="0" m3="0" m4="0" m5="1" m6="0" m7="0" m8="0" m9="0" m10="1" m11="0" m12="0" m13="0" m14="0" m15="1"/>
            </EnvObjectAttachment>
            <EnvObjectAttachment>
                <BoneConnect bone_id="39" num_connections="2" m0="0.909422" m1="0.0890255" m2="-0.406234" m3="0" m4="0.0024732" m5="0.975644" m6="0.219347" m7="0" m8="0.415867" m9="-0.200484" m10="0.887052" m11="0" m12="0.167374" m13="-0.176758" m14="0.0577316" m15="1"/>
                <BoneConnect bone_id="40" num_connections="1" m0="0.933167" m1="0.104194" m2="-0.34401" m3="0" m4="-0.0266158" m5="0.974467" m6="0.222949" m7="0" m8="0.358456" m9="-0.198892" m10="0.912114" m11="0" m12="0.163544" m13="-0.175827" m14="0.0626831" m15="1"/>
                <BoneConnect bone_id="-1" num_connections="0" m0="1" m1="0" m2="0" m3="0" m4="0" m5="1" m6="0" m7="0" m8="0" m9="0" m10="1" m11="0" m12="0" m13="0" m14="0" m15="1"/>
                <BoneConnect bone_id="-1" num_connections="0" m0="1" m1="0" m2="0" m3="0" m4="0" m5="1" m6="0" m7="0" m8="0" m9="0" m10="1" m11="0" m12="0" m13="0" m14="0" m15="1"/>
            </EnvObjectAttachment>
            <EnvObjectAttachment>
                <BoneConnect bone_id="40" num_connections="3" m0="-0.997673" m1="0.0384982" m2="-0.0562639" m3="0" m4="0.0365229" m5="0.998694" m6="0.0357251" m7="0" m8="0.0575657" m9="0.0335871" m10="-0.997777" m11="0" m12="0.112503" m13="-0.317078" m14="0.127716" m15="1"/>
                <BoneConnect bone_id="-1" num_connections="0" m0="1" m1="0" m2="0" m3="0" m4="0" m5="1" m6="0" m7="0" m8="0" m9="0" m10="1" m11="0" m12="0" m13="0" m14="0" m15="1"/>
                <BoneConnect bone_id="-1" num_connections="0" m0="1" m1="0" m2="0" m3="0" m4="0" m5="1" m6="0" m7="0" m8="0" m9="0" m10="1" m11="0" m12="0" m13="0" m14="0" m15="1"/>
                <BoneConnect bone_id="-1" num_connections="0" m0="1" m1="0" m2="0" m3="0" m4="0" m5="1" m6="0" m7="0" m8="0" m9="0" m10="1" m11="0" m12="0" m13="0" m14="0" m15="1"/>
            </EnvObjectAttachment>
            <EnvObjectAttachment>
                <BoneConnect bone_id="0" num_connections="1" m0="0.870279" m1="-0.0313774" m2="0.491559" m3="0" m4="0.0214322" m5="0.999436" m6="0.0258519" m7="0" m8="-0.492093" m9="-0.0119632" m10="0.87046" m11="0" m12="-0.100945" m13="-0.0480042" m14="0.0802231" m15="1"/>
                <BoneConnect bone_id="-1" num_connections="0" m0="1" m1="0" m2="0" m3="0" m4="0" m5="1" m6="0" m7="0" m8="0" m9="0" m10="1" m11="0" m12="0" m13="0" m14="0" m15="1"/>
                <BoneConnect bone_id="-1" num_connections="0" m0="1" m1="0" m2="0" m3="0" m4="0" m5="1" m6="0" m7="0" m8="0" m9="0" m10="1" m11="0" m12="0" m13="0" m14="0" m15="1"/>
                <BoneConnect bone_id="-1" num_connections="0" m0="1" m1="0" m2="0" m3="0" m4="0" m5="1" m6="0" m7="0" m8="0" m9="0" m10="1" m11="0" m12="0" m13="0" m14="0" m15="1"/>
            </EnvObjectAttachment>
            <EnvObjectAttachment>
                <BoneConnect bone_id="0" num_connections="1" m0="0.998493" m1="-0.012438" m2="0.0534542" m3="0" m4="0.00652431" m5="0.993975" m6="0.109413" m7="0" m8="-0.054493" m9="-0.1089" m10="0.992558" m11="0" m12="-0.00203705" m13="-0.0501099" m14="0.104431" m15="1"/>
                <BoneConnect bone_id="-1" num_connections="0" m0="1" m1="0" m2="0" m3="0" m4="0" m5="1" m6="0" m7="0" m8="0" m9="0" m10="1" m11="0" m12="0" m13="0" m14="0" m15="1"/>
                <BoneConnect bone_id="-1" num_connections="0" m0="1" m1="0" m2="0" m3="0" m4="0" m5="1" m6="0" m7="0" m8="0" m9="0" m10="1" m11="0" m12="0" m13="0" m14="0" m15="1"/>
                <BoneConnect bone_id="-1" num_connections="0" m0="1" m1="0" m2="0" m3="0" m4="0" m5="1" m6="0" m7="0" m8="0" m9="0" m10="1" m11="0" m12="0" m13="0" m14="0" m15="1"/>
            </EnvObjectAttachment>
            <EnvObjectAttachment>
                <BoneConnect bone_id="0" num_connections="1" m0="0.932733" m1="0.0500937" m2="-0.357072" m3="0" m4="-0.00516365" m5="0.992056" m6="0.125687" m7="0" m8="0.360532" m9="-0.115389" m10="0.925582" m11="0" m12="0.0934982" m13="-0.0479279" m14="0.0868073" m15="1"/>
                <BoneConnect bone_id="-1" num_connections="0" m0="1" m1="0" m2="0" m3="0" m4="0" m5="1" m6="0" m7="0" m8="0" m9="0" m10="1" m11="0" m12="0" m13="0" m14="0" m15="1"/>
                <BoneConnect bone_id="-1" num_connections="0" m0="1" m1="0" m2="0" m3="0" m4="0" m5="1" m6="0" m7="0" m8="0" m9="0" m10="1" m11="0" m12="0" m13="0" m14="0" m15="1"/>
                <BoneConnect bone_id="-1" num_connections="0" m0="1" m1="0" m2="0" m3="0" m4="0" m5="1" m6="0" m7="0" m8="0" m9="0" m10="1" m11="0" m12="0" m13="0" m14="0" m15="1"/>
            </EnvObjectAttachment>
            <EnvObjectAttachment>
                <BoneConnect bone_id="0" num_connections="1" m0="-0.998888" m1="0.0299303" m2="-0.0364275" m3="0" m4="0.0293764" m5="0.999446" m6="0.0156468" m7="0" m8="0.0368756" m9="0.0145593" m10="-0.999214" m11="0" m12="0.0254288" m13="-0.144775" m14="0.0968018" m15="1"/>
                <BoneConnect bone_id="-1" num_connections="0" m0="1" m1="0" m2="0" m3="0" m4="0" m5="1" m6="0" m7="0" m8="0" m9="0" m10="1" m11="0" m12="0" m13="0" m14="0" m15="1"/>
                <BoneConnect bone_id="-1" num_connections="0" m0="1" m1="0" m2="0" m3="0" m4="0" m5="1" m6="0" m7="0" m8="0" m9="0" m10="1" m11="0" m12="0" m13="0" m14="0" m15="1"/>
                <BoneConnect bone_id="-1" num_connections="0" m0="1" m1="0" m2="0" m3="0" m4="0" m5="1" m6="0" m7="0" m8="0" m9="0" m10="1" m11="0" m12="0" m13="0" m14="0" m15="1"/>
            </EnvObjectAttachment>
            <EnvObjectAttachment>
                <BoneConnect bone_id="0" num_connections="1" m0="-0.998888" m1="0.0299303" m2="-0.0364275" m3="0" m4="0.0293764" m5="0.999446" m6="0.0156468" m7="0" m8="0.0368756" m9="0.0145593" m10="-0.999214" m11="0" m12="-0.0252495" m13="-0.146057" m14="0.0969391" m15="1"/>
                <BoneConnect bone_id="-1" num_connections="0" m0="1" m1="0" m2="0" m3="0" m4="0" m5="1" m6="0" m7="0" m8="0" m9="0" m10="1" m11="0" m12="0" m13="0" m14="0" m15="1"/>
                <BoneConnect bone_id="-1" num_connections="0" m0="1" m1="0" m2="0" m3="0" m4="0" m5="1" m6="0" m7="0" m8="0" m9="0" m10="1" m11="0" m12="0" m13="0" m14="0" m15="1"/>
                <BoneConnect bone_id="-1" num_connections="0" m0="1" m1="0" m2="0" m3="0" m4="0" m5="1" m6="0" m7="0" m8="0" m9="0" m10="1" m11="0" m12="0" m13="0" m14="0" m15="1"/>
            </EnvObjectAttachment>
            <EnvObjectAttachment>
                <BoneConnect bone_id="47" num_connections="1" m0="-0.995523" m1="-0.00989242" m2="-0.0940006" m3="0" m4="0.00132063" m5="0.992955" m6="-0.118483" m7="0" m8="0.0945103" m9="-0.118077" m10="-0.988497" m11="0" m12="-0.110718" m13="-0.293564" m14="0.111893" m15="1"/>
