<?xml version="2.0" ?>
<Type>saved</Type>
<Name>lukas-test35</Name>
<Description/>
<Shader>post</Shader>
<Terrain>
    <Heightmap>Data/Prototypes/WaterfallArena/Demo/WA_hm.png</Heightmap>
    <ShaderExtra/>
    <DetailMap/>
    <ColorMap>Data/Prototypes/WaterfallArena/Demo/WA_Color.tga</ColorMap>
    <WeightMap>Data/Prototypes/WaterfallArena/Demo/WA_Weights.png</WeightMap>
    <DetailMaps>
        <DetailMap colorpath="Data/Prototypes/WaterfallArena/Demo/Rock_Color.tga" normalpath="Data/Prototypes/WaterfallArena/Demo/Rock_norm.tga" materialpath="Data/Materials/default.xml"/>
        <DetailMap colorpath="Data/Prototypes/WaterfallArena/Demo/Grass_Color.tga" normalpath="Data/Prototypes/WaterfallArena/Demo/Grass_norm.tga" materialpath="Data/Materials/default.xml"/>
        <DetailMap colorpath="Data/Prototypes/WaterfallArena/Demo/Pebbles_Color.tga" normalpath="Data/Prototypes/WaterfallArena/Demo/Pebbles_norm.tga" materialpath="Data/Prototypes/Common/Materials/WaterStep.xml"/>
        <DetailMap colorpath="Data/Prototypes/WaterfallArena/Demo/Dirt_Color.tga" normalpath="Data/Prototypes/WaterfallArena/Demo/Dirt_norm.tga" materialpath="Data/Materials/default.xml"/>
    </DetailMaps>
    <DetailObjects/>
</Terrain>
<OutOfDate NavMesh="true"/>
<AmbientSounds>
    <Ambient path="Data/Sounds/ambient/amb_deadvolcano_loop"/>
</AmbientSounds>
<Script/>
<LevelScriptParameters>
    <parameter name="Achievements" type="string" val="flawless, no_injuries, no_kills"/>
    <parameter name="Dialogue Colors" type="string" val="Data/Levels/og_story/character_dialogue.txt"/>
    <parameter name="Fog amount" type="string" val="1.5"/>
    <parameter name="HDR Black point" type="string" val="0.019"/>
    <parameter name="HDR Bloom multiplier" type="string" val="0.097"/>
    <parameter name="HDR White point" type="string" val="0.272"/>
    <parameter name="Level Boundaries" type="string" val="1"/>
    <parameter name="Objectives" type="string" val="destroy_all"/>
    <parameter name="Sky Brightness" type="string" val="1"/>
    <parameter name="Sky Rotation" type="string" val="0"/>
    <parameter name="Sky Tint" type="string" val="255, 255, 255"/>
</LevelScriptParameters>
<Sky>
    <DomeTexture>Data/Prototypes/WaterfallArena/Demo/WA_Dome.tga</DomeTexture>
    <SunAngularRad>0.12848</SunAngularRad>
    <SunColorAngle>107.286</SunColorAngle>
    <RayToSun r0="-0.238554" r1="0.14451" r2="-0.960317"/>
</Sky>
<ActorObjects>
    <NavmeshRegionObject t0="20.3672" t1="92.2683" t2="309.869" s0="31.8432" s1="31.3759" s2="66.6797" q0="0" q1="0" q2="0" r0="1" r1="0" r2="0" r3="0" r4="0" r5="1" r6="0" r7="0" r8="0" r9="0" r10="1" r11="0" r12="0" r13="0" r14="0" r15="1" id="0">
        <parameters/>
    </NavmeshRegionObject>
    <ActorObject t0="22.423" t1="92.1506" t2="285.537" s0="1" s1="1" s2="1" q0="0" q1="0.0252362" q2="0" r0="0.998726" r1="0" r2="-0.0504563" r3="0" r4="0" r5="1" r6="0" r7="0" r8="0.0504563" r9="0" r10="0.998726" r11="0" r12="0" r13="0" r14="0" r15="1" id="1" type_file="Data/Objects/IGF_Characters/IGF_TurnerActor.xml" is_player="1">
        <parameters>
            <parameter name="Aggression" type="string" val="0.5"/>
            <parameter name="Attack Damage" type="string" val="1"/>
            <parameter name="Attack Knockback" type="string" val="1"/>
            <parameter name="Attack Speed" type="string" val="1"/>
            <parameter name="Block Follow-up" type="string" val="0.5"/>
            <parameter name="Block Skill" type="string" val="0.5"/>
            <parameter name="Character Scale" type="string" val="1"/>
            <parameter name="Damage Resistance" type="string" val="1"/>
            <parameter name="Ear Size" type="string" val="1"/>
            <parameter name="Fat" type="string" val="0.5"/>
            <parameter name="Focus FOV distance" type="string" val="10"/>
            <parameter name="Focus FOV horizontal" type="string" val="0.63"/>
            <parameter name="Focus FOV vertical" type="string" val="0.63"/>
            <parameter name="Ground Aggression" type="string" val="0.5"/>
            <parameter name="Knockout Shield" type="int" val="6"/>
            <parameter name="Left handed" type="string" val="false"/>
            <parameter name="Movement Speed" type="string" val="1"/>
            <parameter name="Muscle" type="string" val="0.5"/>
            <parameter name="Peripheral FOV distance" type="string" val="4"/>
            <parameter name="Peripheral FOV horizontal" type="string" val="1.4100000000000001"/>
            <parameter name="Peripheral FOV vertical" type="string" val="1.4100000000000001"/>
            <parameter name="Static" type="string" val="false"/>
            <parameter name="Teams" type="string" val="turner"/>
        </parameters>
        <Connections>
            <Connection id="-1"/>
        </Connections>
        <ItemConnections/>
        <Palette>
            <Color label="Cloth" channel="0" red="1" green="1" blue="1"/>
            <Color label="Rope" channel="1" red="1" green="1" blue="1"/>
            <Color label="Fur" channel="2" red="1" green="1" blue="1"/>
        </Palette>
    </ActorObject>
    <EnvObject t0="40.2588" t1="90.3334" t2="310.526" s0="0.871548" s1="0.871548" s2="0.871548" q0="-0.0402789" q1="0.429482" q2="0.0205455" r0="0.630246" r1="0.0024636" r2="-0.776391" r3="0" r4="-0.0716599" r5="0.995911" r6="-0.0550107" r7="0" r8="0.773081" r9="0.0903064" r10="0.627846" r11="0" r12="0" r13="0" r14="0" r15="1" id="2" color_r="0.709804" color_g="0.596078" color_b="0.478431" type_file="Data/Prototypes/Common/Wood_SquareSmall.xml">
        <parameters/>
    </EnvObject>
    <CameraObject t0="27.9311" t1="98.6894" t2="277.878" s0="1" s1="1" s2="1" q0="0.0171832" q1="-0.970784" q2="0.22787" r0="-0.988691" r1="0" r2="0.149963" r3="0" r4="-0.0667245" r5="0.89556" r6="-0.43991" r7="0" r8="-0.1343" r9="-0.444941" r10="-0.885432" r11="0" r12="0" r13="0" r14="0" r15="1" id="3">
        <parameters/>
    </CameraObject>
    <EnvObject t0="48.6639" t1="85.5585" t2="281.46" s0="1.26968" s1="1.26968" s2="1.26968" q0="0" q1="0.37447" q2="0" r0="0.719544" r1="0" r2="-0.694446" r3="0" r4="0" r5="1" r6="0" r7="0" r8="0.694446" r9="0" r10="0.719544" r11="0" r12="0" r13="0" r14="0" r15="1" id="4" color_r="1" color_g="1" color_b="1" type_file="Data/Prototypes/WaterfallArena/GreyRock_Ledge1.xml">
        <parameters/>
    </EnvObject>
    <EnvObject t0="1.36213" t1="97.8877" t2="223.23" s0="1.06262" s1="1.06262" s2="1.06262" q0="0.0572449" q1="0.136507" q2="0.0264187" r0="0.961336" r1="0.0678653" r2="-0.266885" r3="0" r4="-0.036608" r5="0.99205" r6="0.120401" r7="0" r8="0.272935" r9="-0.105975" r10="0.956178" r11="0" r12="0" r13="0" r14="0" r15="1" id="5" color_r="1" color_g="1" color_b="1" type_file="Data/Prototypes/WaterfallArena/GreyRock_Ledge2.xml">
        <parameters/>
    </EnvObject>
    <EnvObject t0="50.539" t1="90.4725" t2="266.705" s0="1" s1="1" s2="1" q0="0.0195288" q1="0.678342" q2="0.0211365" r0="0.0788108" r1="0.0575305" r2="-0.995228" r3="0" r4="-0.00454169" r5="0.998344" r6="0.057351" r7="0" r8="0.996879" r9="0" r10="0.0789415" r11="0" r12="0" r13="0" r14="0" r15="1" id="6" color_r="1" color_g="1" color_b="1" type_file="Data/Prototypes/WaterfallArena/GreyRock_Ledge3.xml">
        <parameters/>
    </EnvObject>
    <EnvObject t0="22.3533" t1="79.6731" t2="284.369" s0="1.36152" s1="1.36152" s2="1.36152" q0="0.0106619" q1="0.998799" q2="0.0352073" r0="-0.997678" r1="0.023577" r2="-0.063896" r3="0" r4="0.0190194" r5="0.997294" r6="0.0710201" r7="0" r8="0.0653975" r9="0.06964" r10="-0.995426" r11="0" r12="0" r13="0" r14="0" r15="1" id="7" color_r="1" color_g="1" color_b="1" type_file="Data/Prototypes/WaterfallArena/GreyRock_Ledge4.xml">
        <parameters/>
    </EnvObject>
    <EnvObject t0="-7.83002" t1="92.6973" t2="266.101" s0="1.33353" s1="1.33353" s2="1.33353" q0="0.0251473" q1="-0.70846" q2="0.0166494" r0="-0.00438543" r1="-0.0121525" r2="0.999916" r3="0" r4="-0.0591109" r5="0.998181" r6="0.0118722" r7="0" r8="-0.998242" r9="-0.0590539" r10="-0.00509578" r11="0" r12="0" r13="0" r14="0" r15="1" id="8" color_r="1" color_g="1" color_b="1" type_file="Data/Prototypes/WaterfallArena/GreyRock_Ledge4.xml">
        <parameters/>
    </EnvObject>
    <EnvObject t0="-5.15142" t1="96.4861" t2="239.013" s0="1.07582" s1="1.07582" s2="1.07582" q0="0.066344" q1="-0.794748" q2="-0.0938444" r0="-0.280862" r1="-0.217308" r2="0.934823" r3="0" r4="0.00640135" r5="0.973583" r6="0.228242" r7="0" r8="-0.959727" r9="0.0700887" r10="-0.272052" r11="0" r12="0" r13="0" r14="0" r15="1" id="9" color_r="1" color_g="1" color_b="1" type_file="Data/Prototypes/WaterfallArena/GreyRock_Ledge3.xml">
        <parameters/>
    </EnvObject>
    <EnvObject t0="52.0623" t1="89.7147" t2="247.996" s0="1.06262" s1="1.06262" s2="1.06262" q0="0.0180616" q1="0.515517" q2="0.0259879" r0="0.467134" r1="0.0631287" r2="-0.88193" r3="0" r4="-0.0258845" r5="0.997997" r6="0.0577265" r7="0" r8="0.883808" r9="-0.0041377" r10="0.467832" r11="0" r12="0" r13="0" r14="0" r15="1" id="10" color_r="1" color_g="1" color_b="1" type_file="Data/Prototypes/WaterfallArena/GreyRock_Ledge2.xml">
        <parameters/>
    </EnvObject>
    <EnvObject t0="-15.3352" t1="112.55" t2="241.648" s0="1.38294" s1="1.38294" s2="1.38294" q0="-0.0122251" q1="-0.90184" q2="-0.0557992" r0="-0.632858" r1="-0.0257449" r2="0.77384" r3="0" r4="0.0698453" r5="0.993474" r6="0.0901724" r7="0" r8="-0.771111" r9="0.111115" r10="-0.62693" r11="0" r12="0" r13="0" r14="0" r15="1" id="11" color_r="1" color_g="1" color_b="1" type_file="Data/Prototypes/WaterfallArena/GreyRock_Ledge2.xml">
        <parameters/>
    </EnvObject>
    <EnvObject t0="-4.1902" t1="117.21" t2="224.072" s0="1.26968" s1="1.26968" s2="1.26968" q0="0" q1="0.15585" q2="0" r0="0.951422" r1="0" r2="-0.307891" r3="0" r4="0" r5="1" r6="0" r7="0" r8="0.307891" r9="0" r10="0.951422" r11="0" r12="0" r13="0" r14="0" r15="1" id="12" color_r="1" color_g="1" color_b="1" type_file="Data/Prototypes/WaterfallArena/GreyRock_Ledge1.xml">
        <parameters/>
    </EnvObject>
    <EnvObject t0="22.0434" t1="107.838" t2="312.017" s0="1" s1="1" s2="1" q0="0" q1="-0.00763085" q2="0" r0="0.999884" r1="0" r2="0.0152613" r3="0" r4="0" r5="1" r6="0" r7="0" r8="-0.0152613" r9="0" r10="0.999884" r11="0" r12="0" r13="0" r14="0" r15="1" id="13" color_r="1" color_g="1" color_b="1" type_file="Data/Prototypes/WaterfallArena/GreyRock_Cave.xml">
        <parameters/>
    </EnvObject>
    <EnvObject t0="31.2151" t1="87.8322" t2="306.01" s0="0.950803" s1="0.950802" s2="0.97174" q0="0" q1="0.0476072" q2="0" r0="0.995467" r1="0" r2="-0.0951064" r3="0" r4="0" r5="1" r6="0" r7="0" r8="0.0951064" r9="0" r10="0.995467" r11="0" r12="0" r13="0" r14="0" r15="1" id="14" color_r="0.709804" color_g="0.596078" color_b="0.478431" type_file="Data/Prototypes/Common/Wood_BridgeLongLegs.xml">
        <parameters/>
    </EnvObject>
    <EnvObject t0="24.2769" t1="87.8453" t2="311.23" s0="0.950802" s1="0.950802" s2="0.950802" q0="0" q1="-0.672642" q2="0" r0="0.0951055" r1="0" r2="0.995467" r3="0" r4="0" r5="1" r6="0" r7="0" r8="-0.995467" r9="0" r10="0.0951055" r11="0" r12="0" r13="0" r14="0" r15="1" id="15" color_r="0.709804" color_g="0.596078" color_b="0.478431" type_file="Data/Prototypes/Common/Wood_BridgeLongLegs.xml">
        <parameters/>
    </EnvObject>
    <EnvObject t0="41.285" t1="90.6485" t2="311.995" s0="0.805363" s1="0.805363" s2="0.805363" q0="-0.0147564" q1="-0.96704" q2="0.0681585" r0="-0.879624" r1="0.0619225" r2="0.471622" r3="0" r4="-0.00484239" r5="0.990273" r6="-0.139051" r7="0" r8="-0.475645" r9="-0.124597" r10="-0.870768" r11="0" r12="0" r13="0" r14="0" r15="1" id="16" color_r="0.709804" color_g="0.596078" color_b="0.478431" type_file="Data/Prototypes/Common/Wood_SquareSmall.xml">
        <parameters/>
    </EnvObject>
    <EnvObject t0="16.4722" t1="87.8894" t2="307.334" s0="0.950802" s1="0.950802" s2="0.950802" q0="0" q1="0.0476072" q2="0" r0="0.995467" r1="0" r2="-0.0951064" r3="0" r4="0" r5="1" r6="0" r7="0" r8="0.0951064" r9="0" r10="0.995467" r11="0" r12="0" r13="0" r14="0" r15="1" id="17" color_r="0.709804" color_g="0.596078" color_b="0.478431" type_file="Data/Prototypes/Common/Wood_BridgeLongLegs.xml">
        <parameters/>
    </EnvObject>
    <EnvObject t0="15.2911" t1="85.1806" t2="295.461" s0="0.96879" s1="1.0001" s2="1.00009" q0="0" q1="0.0498239" q2="0" r0="0.995035" r1="0" r2="-0.099524" r3="0" r4="0" r5="1" r6="0" r7="0" r8="0.099524" r9="0" r10="0.995035" r11="0" r12="0" r13="0" r14="0" r15="1" id="18" color_r="0.709804" color_g="0.596078" color_b="0.478431" type_file="Data/Prototypes/Common/Wood_SquareSmallLegs.xml">
        <parameters/>
    </EnvObject>
    <EnvObject t0="51.9802" t1="105.463" t2="267.752" s0="1" s1="1" s2="1" q0="-1.07288e-006" q1="0.660592" q2="0" r0="0.127236" r1="-1.41747e-006" r2="-0.991872" r3="0" r4="-1.41747e-006" r5="1" r6="-1.61092e-006" r7="0" r8="0.991872" r9="1.61092e-006" r10="0.127236" r11="0" r12="0" r13="0" r14="0" r15="1" id="19" color_r="1" color_g="1" color_b="1" type_file="Data/Prototypes/WaterfallArena/CavePlants_FernWall1.xml">
        <parameters/>
    </EnvObject>
    <EnvObject t0="24.4186" t1="93.5291" t2="322.822" s0="1.09947" s1="1.2108" s2="1.2098" q0="0" q1="0.729531" q2="0" r0="-0.064431" r1="0" r2="-0.997922" r3="0" r4="0" r5="1" r6="0" r7="0" r8="0.997922" r9="0" r10="-0.064431" r11="0" r12="0" r13="0" r14="0" r15="1" id="20" color_r="1" color_g="1" color_b="1" type_file="Data/Prototypes/WaterfallArena/GreyRockSmall_Block.xml">
        <parameters/>
    </EnvObject>
    <EnvObject t0="50.4179" t1="100.446" t2="258.835" s0="1" s1="1" s2="1" q0="-0.00946957" q1="0.705238" q2="0.0396277" r0="0.00213806" r1="0.0427403" r2="-0.999084" r3="0" r4="-0.0694535" r5="0.99668" r6="0.0424888" r7="0" r8="0.997583" r9="0.069299" r10="0.00509942" r11="0" r12="0" r13="0" r14="0" r15="1" id="21" color_r="1" color_g="1" color_b="1" type_file="Data/Prototypes/WaterfallArena/CavePlants_Fern1.xml">
        <parameters/>
    </EnvObject>
    <EnvObject t0="51.1356" t1="99.1728" t2="271.69" s0="1" s1="1" s2="1" q0="0.00154495" q1="0.600983" q2="0.0942822" r0="0.259861" r1="0.151517" r2="-0.953685" r3="0" r4="-0.147803" r5="0.982217" r6="0.115776" r7="0" r8="0.954268" r9="0.110872" r10="0.277634" r11="0" r12="0" r13="0" r14="0" r15="1" id="22" color_r="1" color_g="1" color_b="1" type_file="Data/Prototypes/WaterfallArena/CavePlants_Fern2.xml">
        <parameters/>
    </EnvObject>
    <EnvObject t0="47.9765" t1="93.4515" t2="268.023" s0="1" s1="1" s2="1" q0="-1.13249e-006" q1="0.707111" q2="0" r0="-1.19209e-005" r1="-1.60159e-006" r2="-1" r3="0" r4="-1.60159e-006" r5="1" r6="-1.60157e-006" r7="0" r8="1" r9="1.60157e-006" r10="-1.19209e-005" r11="0" r12="0" r13="0" r14="0" r15="1" id="23" color_r="1" color_g="1" color_b="1" type_file="Data/Prototypes/WaterfallArena/CavePlants_FernWall1.xml">
        <parameters/>
    </EnvObject>
    <EnvObject t0="47.2882" t1="95.3908" t2="257.162" s0="1" s1="1" s2="1" q0="-1.13249e-006" q1="0.788363" q2="0" r0="-0.243032" r1="-1.78563e-006" r2="-0.970018" r3="0" r4="-1.78563e-006" r5="1" r6="-1.39344e-006" r7="0" r8="0.970018" r9="1.39344e-006" r10="-0.243032" r11="0" r12="0" r13="0" r14="0" r15="1" id="24" color_r="1" color_g="1" color_b="1" type_file="Data/Prototypes/WaterfallArena/CavePlants_FernWall2.xml">
        <parameters/>
    </EnvObject>
    <EnvObject t0="60.7875" t1="105.727" t2="248.56" s0="1.23615" s1="1.23615" s2="1.23615" q0="0.0153244" q1="-0.722771" q2="0.0191681" r0="-0.0455306" r1="0.0043249" r2="0.998954" r3="0" r4="-0.048629" r5="0.998796" r6="-0.00654064" r7="0" r8="-0.997779" r9="-0.0488759" r10="-0.0452654" r11="0" r12="0" r13="0" r14="0" r15="1" id="25" color_r="1" color_g="1" color_b="1" type_file="Data/Prototypes/WaterfallArena/GreyRock_Ledge2.xml">
        <parameters/>
    </EnvObject>
    <EnvObject t0="57.8538" t1="102.808" t2="266.604" s0="1.46553" s1="1.46553" s2="1.46553" q0="-0.0321406" q1="-0.746412" q2="0.0285957" r0="-0.115897" r1="0.0859606" r2="0.989535" r3="0" r4="0.0099999" r5="0.996299" r6="-0.085377" r7="0" r8="-0.993211" r9="0" r10="-0.116328" r11="0" r12="0" r13="0" r14="0" r15="1" id="26" color_r="1" color_g="1" color_b="1" type_file="Data/Prototypes/WaterfallArena/GreyRock_Ledge1.xml">
        <parameters/>
    </EnvObject>
    <EnvObject t0="47.7829" t1="102.65" t2="318.092" s0="1" s1="1" s2="1" q0="0" q1="0.364236" q2="0" r0="0.734664" r1="0" r2="-0.678431" r3="0" r4="0" r5="1" r6="0" r7="0" r8="0.678431" r9="0" r10="0.734664" r11="0" r12="0" r13="0" r14="0" r15="1" id="27" color_r="1" color_g="1" color_b="1" type_file="Data/Prototypes/WaterfallArena/CavePlants_Fern2.xml">
        <parameters/>
    </EnvObject>
    <EnvObject t0="46.0575" t1="98.884" t2="320.808" s0="1" s1="1" s2="1" q0="-0.108524" q1="0.405583" q2="0.0485666" r0="0.666287" r1="0" r2="-0.745695" r3="0" r4="-0.176062" r5="0.971728" r6="-0.157313" r7="0" r8="0.724612" r9="0.236105" r10="0.64745" r11="0" r12="0" r13="0" r14="0" r15="1" id="28" color_r="1" color_g="1" color_b="1" type_file="Data/Prototypes/WaterfallArena/CavePlants_FernWall1.xml">
        <parameters/>
    </EnvObject>
    <EnvObject t0="46.5441" t1="98.0482" t2="314.894" s0="1" s1="1" s2="1" q0="0" q1="0.828017" q2="0" r0="-0.371224" r1="0" r2="-0.928543" r3="0" r4="0" r5="1" r6="0" r7="0" r8="0.928543" r9="0" r10="-0.371224" r11="0" r12="0" r13="0" r14="0" r15="1" id="29" color_r="1" color_g="1" color_b="1" type_file="Data/Prototypes/WaterfallArena/CavePlants_FernWall2.xml">
        <parameters/>
    </EnvObject>
    <EnvObject t0="42.2288" t1="93.9943" t2="308.174" s0="1" s1="1" s2="1" q0="0.0379688" q1="0.862981" q2="-0.090064" r0="-0.505696" r1="-0.0237553" r2="-0.862385" r3="0" r4="0.154821" r5="0.980894" r6="-0.117805" r7="0" r8="0.848706" r9="-0.193089" r10="-0.492356" r11="0" r12="0" r13="0" r14="0" r15="1" id="30" color_r="1" color_g="1" color_b="1" type_file="Data/Prototypes/WaterfallArena/CavePlants_FernWall1.xml">
        <parameters/>
    </EnvObject>
    <EnvObject t0="44.8837" t1="97.3512" t2="323.573" s0="1" s1="1" s2="1" q0="0" q1="0.408217" q2="0" r0="0.666718" r1="0" r2="-0.74531" r3="0" r4="0" r5="1" r6="0" r7="0" r8="0.74531" r9="0" r10="0.666718" r11="0" r12="0" r13="0" r14="0" r15="1" id="31" color_r="1" color_g="1" color_b="1" type_file="Data/Prototypes/WaterfallArena/CavePlants_FernWall2.xml">
        <parameters/>
    </EnvObject>
    <EnvObject t0="45.2165" t1="103.315" t2="322.063" s0="1" s1="1" s2="1" q0="0" q1="-0.441944" q2="0" r0="0.609371" r1="0" r2="0.792885" r3="0" r4="0" r5="1" r6="0" r7="0" r8="-0.792885" r9="0" r10="0.609371" r11="0" r12="0" r13="0" r14="0" r15="1" id="32" color_r="1" color_g="1" color_b="1" type_file="Data/Prototypes/WaterfallArena/CavePlants_Fern1.xml">
        <parameters/>
    </EnvObject>
    <EnvObject t0="37.8472" t1="91.1524" t2="312.366" s0="1" s1="1" s2="1" q0="-0.217118" q1="0.130264" q2="0.158555" r0="0.915783" r1="0.246063" r2="-0.317481" r3="0" r4="-0.359194" r5="0.85544" r6="-0.373098" r7="0" r8="0.17978" r9="0.455714" r10="0.871782" r11="0" r12="0" r13="0" r14="0" r15="1" id="33" color_r="1" color_g="1" color_b="1" type_file="Data/Prototypes/WaterfallArena/CavePlants_Liverwort1.xml">
        <parameters/>
    </EnvObject>
    <EnvObject t0="39.1455" t1="90.0417" t2="306.964" s0="1" s1="1" s2="1" q0="-0.104361" q1="0.994244" q2="-0.0153836" r0="-0.977516" r1="-0.208097" r2="-0.0340472" r3="0" r4="-0.206944" r5="0.977744" r6="-0.0345009" r7="0" r8="0.040469" r9="-0.0266793" r10="-0.998825" r11="0" r12="0" r13="0" r14="0" r15="1" id="34" color_r="1" color_g="1" color_b="1" type_file="Data/Prototypes/WaterfallArena/CavePlants_Liverwort2.xml">
        <parameters/>
    </EnvObject>
    <EnvObject t0="47.809" t1="102.467" t2="314.99" s0="1" s1="1" s2="1" q0="0" q1="-0.482357" q2="0" r0="0.534663" r1="0" r2="0.845065" r3="0" r4="0" r5="1" r6="0" r7="0" r8="-0.845065" r9="0" r10="0.534663" r11="0" r12="0" r13="0" r14="0" r15="1" id="35" color_r="1" color_g="1" color_b="1" type_file="Data/Prototypes/WaterfallArena/CavePlants_Fern1.xml">
        <parameters/>
    </EnvObject>
    <EnvObject t0="42.7907" t1="103.288" t2="321.534" s0="1" s1="1" s2="1" q0="0" q1="-0.287112" q2="0" r0="0.835133" r1="0" r2="0.550047" r3="0" r4="0" r5="1" r6="0" r7="0" r8="-0.550047" r9="0" r10="0.835133" r11="0" r12="0" r13="0" r14="0" r15="1" id="36" color_r="1" color_g="1" color_b="1" type_file="Data/Prototypes/WaterfallArena/CavePlants_Fern2.xml">
        <parameters/>
    </EnvObject>
    <EnvObject t0="46.3797" t1="102.354" t2="313.353" s0="1" s1="1" s2="1" q0="0" q1="0.796793" q2="0" r0="-0.269758" r1="0" r2="-0.962928" r3="0" r4="0" r5="1" r6="0" r7="0" r8="0.962928" r9="0" r10="-0.269758" r11="0" r12="0" r13="0" r14="0" r15="1" id="37" color_r="1" color_g="1" color_b="1" type_file="Data/Prototypes/WaterfallArena/CavePlants_Fern2.xml">
        <parameters/>
    </EnvObject>
    <EnvObject t0="42.0424" t1="102.246" t2="314.545" s0="1" s1="1" s2="1" q0="0" q1="-0.706044" q2="0" r0="0.00300372" r1="0" r2="0.999996" r3="0" r4="0" r5="1" r6="0" r7="0" r8="-0.999996" r9="0" r10="0.00300372" r11="0" r12="0" r13="0" r14="0" r15="1" id="38" color_r="1" color_g="1" color_b="1" type_file="Data/Prototypes/WaterfallArena/CavePlants_Fern2.xml">
        <parameters/>
    </EnvObject>
    <EnvObject t0="41.9282" t1="102.612" t2="316.537" s0="1" s1="1" s2="1" q0="0.126454" q1="0.750259" q2="-0.150283" r0="-0.170947" r1="0" r2="-0.98528" r3="0" r4="0.379493" r5="0.922849" r6="-0.0658423" r7="0" r8="0.909265" r9="-0.385162" r10="-0.157758" r11="0" r12="0" r13="0" r14="0" r15="1" id="39" color_r="1" color_g="1" color_b="1" type_file="Data/Prototypes/WaterfallArena/CavePlants_Fern1.xml">
        <parameters/>
    </EnvObject>
    <EnvObject t0="40.1586" t1="98.1513" t2="303.909" s0="1" s1="1" s2="1" q0="-0.00167129" q1="0.998319" q2="0.0387323" r0="-0.996282" r1="0" r2="-0.0861535" r3="0" r4="-0.00667448" r5="0.996994" r6="0.0771904" r7="0" r8="0.0858945" r9="0.0774784" r10="-0.993287" r11="0" r12="0" r13="0" r14="0" r15="1" id="40" color_r="1" color_g="1" color_b="1" type_file="Data/Prototypes/WaterfallArena/CavePlants_Liverwort1.xml">
        <parameters/>
    </EnvObject>
    <EnvObject t0="36.6586" t1="98.0953" t2="292.766" s0="1" s1="1" s2="1" q0="-0.0316032" q1="0.716308" q2="0.0325109" r0="-0.0283083" r1="0" r2="-0.999599" r3="0" r4="-0.0905506" r5="0.995889" r6="0.00256441" r7="0" r8="0.995489" r9="0.0905869" r10="-0.0281919" r11="0" r12="0" r13="0" r14="0" r15="1" id="41" color_r="1" color_g="1" color_b="1" type_file="Data/Prototypes/WaterfallArena/CavePlants_Liverwort2.xml">
        <parameters/>
    </EnvObject>
    <EnvObject t0="37.2793" t1="99.7868" t2="312.121" s0="1" s1="1" s2="1" q0="0" q1="-0.275917" q2="0" r0="0.84774" r1="0" r2="0.530413" r3="0" r4="0" r5="1" r6="0" r7="0" r8="-0.530413" r9="0" r10="0.84774" r11="0" r12="0" r13="0" r14="0" r15="1" id="42" color_r="1" color_g="1" color_b="1" type_file="Data/Prototypes/WaterfallArena/CavePlants_Liverwort2.xml">
        <parameters/>
    </EnvObject>
    <EnvObject t0="42.5365" t1="91.1086" t2="315.985" s0="0.950712" s1="0.948463" s2="0.950579" q0="-0.0569003" q1="0.128056" q2="-0.0435452" r0="0.963411" r1="-0.100721" r2="-0.248384" r3="0" r4="0.0715748" r5="0.989732" r6="-0.123721" r7="0" r8="0.258295" r9="0.101416" r10="0.960728" r11="0" r12="0" r13="0" r14="0" r15="1" id="43" color_r="0.709804" color_g="0.596078" color_b="0.478431" type_file="Data/Prototypes/Common/Wood_BridgeShort.xml">
        <parameters/>
    </EnvObject>
    <EnvObject t0="31.1676" t1="87.9989" t2="326.976" s0="0.950147" s1="0.950147" s2="0.950147" q0="0" q1="-0.672642" q2="0" r0="0.0951055" r1="0" r2="0.995467" r3="0" r4="0" r5="1" r6="0" r7="0" r8="-0.995467" r9="0" r10="0.0951055" r11="0" r12="0" r13="0" r14="0" r15="1" id="44" color_r="0.709804" color_g="0.596078" color_b="0.478431" type_file="Data/Prototypes/Common/Wood_BridgeLongLegs.xml">
        <parameters/>
    </EnvObject>
    <EnvObject t0="7.22969" t1="90.0488" t2="285.92" s0="1" s1="1" s2="1" q0="-0.018083" q1="0.13753" q2="-0.129102" r0="0.928836" r1="-0.2585" r2="-0.265407" r3="0" r4="0.248552" r5="0.966011" r6="-0.0710215" r7="0" r8="0.274745" r9="0" r10="0.961517" r11="0" r12="0" r13="0" r14="0" r15="1" id="45" color_r="1" color_g="1" color_b="1" type_file="Data/Prototypes/WaterfallArena/CavePlants_Fern1.xml">
        <parameters/>
    </EnvObject>
    <EnvObject t0="34.2133" t1="89.8895" t2="287.328" s0="1" s1="1" s2="1" q0="-0.0449694" q1="0.422645" q2="0.0695476" r0="0.633069" r1="0.0875217" r2="-0.769132" r3="0" r4="-0.163546" r5="0.986282" r6="-0.0223822" r7="0" r8="0.756622" r9="0.139958" r10="0.638698" r11="0" r12="0" r13="0" r14="0" r15="1" id="46" color_r="1" color_g="1" color_b="1" type_file="Data/Prototypes/WaterfallArena/CavePlants_Fern2.xml">
        <parameters/>
    </EnvObject>
    <EnvObject t0="4.9249" t1="90.3198" t2="284.065" s0="1" s1="1" s2="1" q0="-0.0646691" q1="-0.679901" q2="0.0803773" r0="0.0625482" r1="0.204647" r2="0.976835" r3="0" r4="-0.0287724" r5="0.978715" r6="-0.203198" r7="0" r8="-0.997627" r9="-0.0153963" r10="0.0671051" r11="0" r12="0" r13="0" r14="0" r15="1" id="47" color_r="1" color_g="1" color_b="1" type_file="Data/Prototypes/WaterfallArena/CavePlants_Fern1.xml">
        <parameters/>
    </EnvObject>
    <Group t0="36.8486" t1="90.27" t2="286.136" s0="6.68658" s1="3.18412" s2="5.98546" q0="0" q1="0" q2="0" r0="1" r1="0" r2="0" r3="0" r4="0" r5="1" r6="0" r7="0" r8="0" r9="0" r10="1" r11="0" r12="0" r13="0" r14="0" r15="1" id="50" version="1">
        <parameters/>
        <EnvObject t0="38.1206" t1="90.0657" t2="284.964" s0="1" s1="0.999998" s2="0.999998" q0="-0.0684923" q1="0.139335" q2="-0.0648665" r0="0.952756" r1="-0.14697" r2="-0.265811" r3="0" r4="0.108796" r5="0.982202" r6="-0.153108" r7="0" r8="0.283582" r9="0.116955" r10="0.951789" r11="0" r12="0" r13="0" r14="0" r15="1" id="48" color_r="1" color_g="1" color_b="1" type_file="Data/Prototypes/WaterfallArena/CavePlants_Fern2.xml">
            <parameters/>
        </EnvObject>
        <EnvObject t0="36.4075" t1="90.27" t2="286.214" s0="1.21835" s1="1.21835" s2="1.21835" q0="-0.124972" q1="0.798585" q2="-0.0572657" r0="-0.282035" r1="-0.266714" r2="-0.921586" r3="0" r4="-0.132489" r5="0.962205" r6="-0.237924" r7="0" r8="0.950212" r9="0.0549974" r10="-0.306712" r11="0" r12="0" r13="0" r14="0" r15="1" id="49" color_r="1" color_g="1" color_b="1" type_file="Data/Prototypes/WaterfallArena/CavePlants_Fern1.xml">
            <parameters/>
        </EnvObject>
    </Group>
    <EnvObject t0="36.8143" t1="89.6282" t2="308.214" s0="0.950711" s1="0.950711" s2="0.950711" q0="-0.0782334" q1="0.49861" q2="0.03592" r0="0.500196" r1="-0.0160509" r2="-0.865763" r3="0" r4="-0.139981" r5="0.985179" r6="-0.0991389" r7="0" r8="0.854523" r9="0.170779" r10="0.490535" r11="0" r12="0" r13="0" r14="0" r15="1" id="51" color_r="0.709804" color_g="0.596078" color_b="0.478431" type_file="Data/Prototypes/Common/Wood_BridgeShort.xml">
        <parameters/>
    </EnvObject>
    <EnvObject t0="-1.49381" t1="103.489" t2="285.476" s0="1.26527" s1="1.26527" s2="1.26527" q0="0.0299564" q1="-0.432395" q2="-0.140433" r0="0.586626" r1="-0.275927" r2="0.761403" r3="0" r4="0.224115" r5="0.958762" r6="0.174778" r7="0" r8="-0.77823" r9="0.068112" r10="0.624274" r11="0" r12="0" r13="0" r14="0" r15="1" id="52" color_r="1" color_g="1" color_b="1" type_file="Data/Prototypes/WaterfallArena/CavePlants_Fern2.xml">
        <parameters/>
    </EnvObject>
    <EnvObject t0="-3.77035" t1="103.338" t2="283.893" s0="1.54153" s1="1.54153" s2="1.54153" q0="-0.0485107" q1="0.471378" q2="-0.0449479" r0="0.551565" r1="-0.124792" r2="-0.824744" r3="0" r4="0.0333249" r5="0.991253" r6="-0.1277" r7="0" r8="0.833466" r9="0.0429504" r10="0.550899" r11="0" r12="0" r13="0" r14="0" r15="1" id="53" color_r="1" color_g="1" color_b="1" type_file="Data/Prototypes/WaterfallArena/CavePlants_Fern1.xml">
        <parameters/>
    </EnvObject>
    <EnvObject t0="19.6415" t1="87.9989" t2="328.077" s0="0.950241" s1="0.950237" s2="0.926419" q0="0" q1="-0.672642" q2="0" r0="0.0951055" r1="0" r2="0.995467" r3="0" r4="0" r5="1" r6="0" r7="0" r8="-0.995467" r9="0" r10="0.0951055" r11="0" r12="0" r13="0" r14="0" r15="1" id="54" color_r="0.709804" color_g="0.596078" color_b="0.478431" type_file="Data/Prototypes/Common/Wood_BridgeLongLegs.xml">
        <parameters/>
    </EnvObject>
    <EnvObject t0="29.8596" t1="84.9651" t2="294.165" s0="1.0001" s1="1.0001" s2="1.0001" q0="0" q1="0.0498239" q2="0" r0="0.995035" r1="0" r2="-0.099524" r3="0" r4="0" r5="1" r6="0" r7="0" r8="0.099524" r9="0" r10="0.995035" r11="0" r12="0" r13="0" r14="0" r15="1" id="55" color_r="0.709804" color_g="0.596078" color_b="0.478431" type_file="Data/Prototypes/Common/Wood_SquareSmallLegs.xml">
        <parameters/>
    </EnvObject>
    <EnvObject t0="30.1512" t1="92.1601" t2="297.263" s0="1.0001" s1="1.00003" s2="0.865108" q0="-0.255746" q1="0.0481626" q2="0.0127578" r0="0.995035" r1="0" r2="-0.0995236" r3="0" r4="-0.0492691" r5="0.868862" r6="-0.492596" r7="0" r8="0.0864725" r9="0.495054" r10="0.864549" r11="0" r12="0" r13="0" r14="0" r15="1" id="56" color_r="0.709804" color_g="0.596078" color_b="0.478431" type_file="Data/Prototypes/Common/Wood_SquareSmall.xml">
        <parameters/>
    </EnvObject>
    <EnvObject t0="26.9658" t1="90.5121" t2="294.165" s0="1.0001" s1="1.00009" s2="0.958432" q0="-0.175906" q1="0.715528" q2="0.194378" r0="-0.0995263" r1="0" r2="-0.995035" r3="0" r4="-0.503462" r5="0.862549" r6="0.0503573" r7="0" r8="0.858266" r9="0.505974" r10="-0.0858465" r11="0" r12="0" r13="0" r14="0" r15="1" id="57" color_r="0.709804" color_g="0.596078" color_b="0.478431" type_file="Data/Prototypes/Common/Wood_SquareSmall.xml">
        <parameters/>
    </EnvObject>
    <EnvObject t0="18.3382" t1="90.628" t2="294.881" s0="1.00009" s1="1.00008" s2="1.03931" q0="0.171324" q1="0.716884" q2="-0.189315" r0="-0.0995257" r1="0" r2="-0.995035" r3="0" r4="0.491278" r5="0.869616" r6="-0.0491386" r7="0" r8="0.865298" r9="-0.493729" r10="-0.0865492" r11="0" r12="0" r13="0" r14="0" r15="1" id="58" color_r="0.709804" color_g="0.596078" color_b="0.478431" type_file="Data/Prototypes/Common/Wood_SquareSmall.xml">
        <parameters/>
    </EnvObject>
    <EnvObject t0="10.0247" t1="97.2074" t2="293.678" s0="1" s1="1" s2="1" q0="-0.0507172" q1="-0.0812914" q2="-0.0164965" r0="0.986239" r1="-0.024591" r2="0.163486" r3="0" r4="0.0410824" r5="0.994311" r6="-0.0982718" r7="0" r8="-0.160139" r9="0.103636" r10="0.981639" r11="0" r12="0" r13="0" r14="0" r15="1" id="59" color_r="1" color_g="1" color_b="1" type_file="Data/Prototypes/WaterfallArena/CavePlants_Liverwort1.xml">
        <parameters/>
    </EnvObject>
    <EnvObject t0="11.4198" t1="98.5723" t2="308.354" s0="1" s1="1" s2="1" q0="0" q1="-0.00807235" q2="0" r0="0.99987" r1="0" r2="0.0161442" r3="0" r4="0" r5="1" r6="0" r7="0" r8="-0.0161442" r9="0" r10="0.99987" r11="0" r12="0" r13="0" r14="0" r15="1" id="60" color_r="1" color_g="1" color_b="1" type_file="Data/Prototypes/WaterfallArena/CavePlants_Liverwort2.xml">
        <parameters/>
    </EnvObject>
    <EnvObject t0="35.7105" t1="92.6523" t2="297.817" s0="1" s1="1" s2="1" q0="-0.0587144" q1="0.496113" q2="0.0673088" r0="0.498683" r1="0.0580047" r2="-0.864842" r3="0" r4="-0.174521" r5="0.984044" r6="-0.034632" r7="0" r8="0.849034" r9="0.168203" r10="0.500849" r11="0" r12="0" r13="0" r14="0" r15="1" id="61" color_r="1" color_g="1" color_b="1" type_file="Data/Prototypes/WaterfallArena/CavePlants_FernWall1.xml">
        <parameters/>
    </EnvObject>
    <EnvObject t0="32.4345" t1="94.8507" t2="331.863" s0="1" s1="1" s2="1" q0="0" q1="0.215698" q2="0" r0="0.906949" r1="0" r2="-0.421241" r3="0" r4="0" r5="1" r6="0" r7="0" r8="0.421241" r9="0" r10="0.906949" r11="0" r12="0" r13="0" r14="0" r15="1" id="62" color_r="1" color_g="1" color_b="1" type_file="Data/Prototypes/WaterfallArena/CavePlants_FernWall2.xml">
        <parameters/>
    </EnvObject>
    <EnvObject t0="33.7524" t1="92.3537" t2="316.845" s0="1" s1="1" s2="1" q0="-0.069721" q1="0.888044" q2="0.0308457" r0="-0.579147" r1="-0.0958602" r2="-0.809567" r3="0" r4="-0.151801" r5="0.988375" r6="-0.00843737" r7="0" r8="0.800965" r9="0.118007" r10="-0.586966" r11="0" r12="0" r13="0" r14="0" r15="1" id="63" color_r="1" color_g="1" color_b="1" type_file="Data/Prototypes/WaterfallArena/CavePlants_Liverwort1.xml">
        <parameters/>
    </EnvObject>
    <EnvObject t0="33.3227" t1="92.7421" t2="330.175" s0="1" s1="1" s2="1" q0="-0.0388171" q1="0.996311" q2="0.00348745" r0="-0.985296" r1="-0.0768145" r2="-0.152618" r3="0" r4="-0.0778811" r5="0.996962" r6="0.00101359" r7="0" r8="0.152077" r9="0.0128848" r10="-0.988285" r11="0" r12="0" r13="0" r14="0" r15="1" id="64" color_r="1" color_g="1" color_b="1" type_file="Data/Prototypes/WaterfallArena/CavePlants_Liverwort2.xml">
        <parameters/>
    </EnvObject>
    <EnvObject t0="16.2406" t1="102.296" t2="332.385" s0="1" s1="1" s2="1" q0="0" q1="-0.406276" q2="0" r0="0.66988" r1="0" r2="0.74247" r3="0" r4="0" r5="1" r6="0" r7="0" r8="-0.74247" r9="0" r10="0.66988" r11="0" r12="0" r13="0" r14="0" r15="1" id="65" color_r="1" color_g="1" color_b="1" type_file="Data/Prototypes/WaterfallArena/CavePlants_FernWall1.xml">
        <parameters/>
    </EnvObject>
    <EnvObject t0="14.5768" t1="95.2756" t2="330.289" s0="1" s1="1" s2="1" q0="0" q1="-0.535496" q2="0" r0="0.426488" r1="0" r2="0.904493" r3="0" r4="0" r5="1" r6="0" r7="0" r8="-0.904493" r9="0" r10="0.426488" r11="0" r12="0" r13="0" r14="0" r15="1" id="66" color_r="1" color_g="1" color_b="1" type_file="Data/Prototypes/WaterfallArena/CavePlants_FernWall2.xml">
        <parameters/>
    </EnvObject>
    <EnvObject t0="13.3798" t1="92.8768" t2="310.117" s0="1" s1="1" s2="1" q0="0" q1="-0.629446" q2="0" r0="0.207595" r1="0" r2="0.978215" r3="0" r4="0" r5="1" r6="0" r7="0" r8="-0.978215" r9="0" r10="0.207595" r11="0" r12="0" r13="0" r14="0" r15="1" id="67" color_r="1" color_g="1" color_b="1" type_file="Data/Prototypes/WaterfallArena/CavePlants_FernWall2.xml">
        <parameters/>
    </EnvObject>
    <EnvObject t0="12.898" t1="89.757" t2="294.458" s0="1" s1="1" s2="1" q0="-0.0788597" q1="-0.750085" q2="-0.0314473" r0="-0.127233" r1="0.0770523" r2="0.988875" r3="0" r4="0.159554" r5="0.985584" r6="-0.056267" r7="0" r8="-0.978956" r9="0.15062" r10="-0.137693" r11="0" r12="0" r13="0" r14="0" r15="1" id="68" color_r="1" color_g="1" color_b="1" type_file="Data/Prototypes/WaterfallArena/CavePlants_Fern1.xml">
        <parameters/>
    </EnvObject>
    <EnvObject t0="29.7899" t1="89.4089" t2="306.038" s0="1" s1="1" s2="1" q0="0" q1="0" q2="0" r0="1" r1="0" r2="0" r3="0" r4="0" r5="1" r6="0" r7="0" r8="0" r9="0" r10="1" r11="0" r12="0" r13="0" r14="0" r15="1" id="69" color_r="1" color_g="1" color_b="1" type_file="Data/Prototypes/WaterfallArena/CavePlants_Liverwort1.xml">
        <parameters/>
    </EnvObject>
    <EnvObject t0="34.1036" t1="90.125" t2="294.632" s0="1" s1="1" s2="1" q0="0.00628924" q1="0.0806519" q2="0.0774892" r0="0.974981" r1="0.155017" r2="-0.159314" r3="0" r4="-0.152988" r5="0.987912" r6="0.0249986" r7="0" r8="0.161263" r9="0" r10="0.986911" r11="0" r12="0" r13="0" r14="0" r15="1" id="70" color_r="1" color_g="1" color_b="1" type_file="Data/Prototypes/WaterfallArena/CavePlants_Liverwort2.xml">
        <parameters/>
    </EnvObject>
    <EnvObject t0="12.8088" t1="98.3344" t2="322.525" s0="1" s1="1" s2="1" q0="0" q1="-0.502837" q2="0" r0="0.49431" r1="0" r2="0.869286" r3="0" r4="0" r5="1" r6="0" r7="0" r8="-0.869286" r9="0" r10="0.49431" r11="0" r12="0" r13="0" r14="0" r15="1" id="71" color_r="1" color_g="1" color_b="1" type_file="Data/Prototypes/WaterfallArena/CavePlants_FernWall1.xml">
        <parameters/>
    </EnvObject>
    <PlaceholderObject t0="21.5994" t1="95.1209" t2="287.004" s0="0.3" s1="0.3" s2="0.3" q0="0" q1="0" q2="0" r0="1" r1="0" r2="0" r3="0" r4="0" r5="1" r6="0" r7="0" r8="0" r9="0" r10="1" r11="0" r12="0" r13="0" r14="0" r15="1" id="81" type_file="" special_type="2">
        <parameters/>
        <Connections>
            <Connection id="143"/>
        </Connections>
    </PlaceholderObject>
    <EnvObject t0="57.9713" t1="105.813" t2="282.771" s0="1.23615" s1="1.23615" s2="1.23615" q0="-0.0118627" q1="0.362271" q2="0.0214832" r0="0.736596" r1="0.0314389" r2="-0.675601" r3="0" r4="-0.0486289" r5="0.998796" r6="-0.00654065" r7="0" r8="0.674582" r9="0.0376716" r10="0.737238" r11="0" r12="0" r13="0" r14="0" r15="1" id="82" color_r="1" color_g="1" color_b="1" type_file="Data/Prototypes/WaterfallArena/GreyRock_Ledge2.xml">
        <parameters/>
    </EnvObject>
    <Group t0="11.8785" t1="74.618" t2="279.923" s0="6.17166" s1="31.4092" s2="8.56439" q0="-0.0145686" q1="0" q2="0" r0="1" r1="0" r2="0" r3="0" r4="0" r5="0.999575" r6="-0.0291341" r7="0" r8="0" r9="0.0291341" r10="0.999575" r11="0" r12="0" r13="0" r14="0" r15="1" id="83" version="1">
        <parameters/>
        <EnvObject t0="11.1925" t1="74.6375" t2="280.115" s0="1.53891" s1="1.64801" s2="1.92195" q0="-0.00275733" q1="-0.98182" q2="0.0143052" r0="-0.92835" r1="0.010829" r2="0.371549" r3="0" r4="0" r5="0.999575" r6="-0.0291339" r7="0" r8="-0.371707" r9="-0.0270466" r10="-0.927956" r11="0" r12="0" r13="0" r14="0" r15="1" id="75" color_r="1" color_g="1" color_b="1" type_file="Data/Prototypes/Common/WaterfallTall.xml">
            <parameters/>
        </EnvObject>
        <EnvObject t0="13.5176" t1="74.6121" t2="279.744" s0="1.54021" s1="1.64942" s2="1.92358" q0="-0.000118396" q1="-0.999861" q2="0.0145681" r0="-0.999868" r1="0.000473003" r2="0.0162108" r3="0" r4="0" r5="0.999576" r6="-0.0291341" r7="0" r8="-0.0162177" r9="-0.0291302" r10="-0.999444" r11="0" r12="0" r13="0" r14="0" r15="1" id="78" color_r="1" color_g="1" color_b="1" type_file="Data/Prototypes/Common/WaterfallTall.xml">
            <parameters/>
        </EnvObject>
        <EnvObject t0="12.3181" t1="75.0663" t2="279.485" s0="1.49322" s1="1.59908" s2="1.86488" q0="-0.00140319" q1="-0.995245" q2="0.0145009" r0="-0.981446" r1="0.00558614" r2="0.191659" r3="0" r4="0" r5="0.999575" r6="-0.0291342" r7="0" r8="-0.191741" r9="-0.0285936" r10="-0.98103" r11="0" r12="0" r13="0" r14="0" r15="1" id="79" color_r="1" color_g="1" color_b="1" type_file="Data/Prototypes/Common/WaterfallTall_Offset.xml">
            <parameters/>
        </EnvObject>
    </Group>
    <Group t0="-4.59091" t1="83.8171" t2="265.191" s0="8.02404" s1="38.1331" s2="8.91578" q0="0" q1="-0.603045" q2="0" r0="0.272673" r1="0" r2="0.962107" r3="0" r4="0" r5="1" r6="0" r7="0" r8="-0.962107" r9="0" r10="0.272673" r11="0" r12="0" r13="0" r14="0" r15="1" id="84" version="1">
        <parameters/>
        <EnvObject t0="-5.02598" t1="83.834" t2="264.388" s0="2.0008" s1="2.0008" s2="2.0008" q0="0" q1="0.897429" q2="0" r0="-0.610758" r1="0" r2="-0.791818" r3="0" r4="0" r5="1" r6="0" r7="0" r8="0.791818" r9="0" r10="-0.610758" r11="0" r12="0" r13="0" r14="0" r15="1" id="85" color_r="1" color_g="1" color_b="1" type_file="Data/Prototypes/Common/WaterfallTall.xml">
            <parameters/>
        </EnvObject>
        <EnvObject t0="-3.83025" t1="83.8163" t2="267.19" s0="2.0025" s1="2.0025" s2="2.0025" q0="0" q1="0.802582" q2="0" r0="-0.288276" r1="0" r2="-0.957547" r3="0" r4="0" r5="1" r6="0" r7="0" r8="0.957547" r9="0" r10="-0.288276" r11="0" r12="0" r13="0" r14="0" r15="1" id="86" color_r="1" color_g="1" color_b="1" type_file="Data/Prototypes/Common/WaterfallTall.xml">
            <parameters/>
        </EnvObject>
