<?xml version="2.0" ?>
<Type>saved</Type>
<Name>4_red_hills</Name>
<Description/>
<Shader>post</Shader>
<Terrain>
    <Heightmap>Data/Textures/Terrain/red_hills/red_hills_hm.png</Heightmap>
    <DetailMap/>
    <ColorMap>Data/Textures/Terrain/red_hills/red_hills_c.tga</ColorMap>
    <DetailMaps>
        <DetailMap colorpath="Data/Textures/Terrain/DetailTextures/red_pebbles_rocks.tga" normalpath="Data/Textures/Terrain/DetailTextures/red_pebbles_rocks_normal.tga" materialpath="Data/Materials/gravel.xml"/>
        <DetailMap colorpath="Data/Textures/Terrain/DetailTextures/dirt.tga" normalpath="Data/Textures/Terrain/DetailTextures/dirt_normal.png" materialpath="Data/Materials/dirt.xml"/>
        <DetailMap colorpath="Data/Textures/Terrain/DetailTextures/red_pebbles.tga" normalpath="Data/Textures/Terrain/DetailTextures/red_pebbles_normal.tga" materialpath="Data/Materials/gravel.xml"/>
        <DetailMap colorpath="Data/Textures/Terrain/DetailTextures/red_dirt.tga" normalpath="Data/Textures/Terrain/DetailTextures/red_dirt_normal.tga" materialpath="Data/Materials/dirt.xml"/>
    </DetailMaps>
    <DetailObjects/>
</Terrain>
<OutOfDate NavMesh="true"/>
<AmbientSounds/>
<Script>challengelevel.as</Script>
<LevelScriptParameters>
    <parameter name="Achievements" type="string" val="flawless, no_injuries, no_kills"/>
    <parameter name="Extra AO" type="string" val="0"/>
    <parameter name="HDR Black point" type="string" val="0.01"/>
    <parameter name="HDR Bloom multiplier" type="string" val="1"/>
    <parameter name="HDR White point" type="string" val="0.8"/>
    <parameter name="Level Boundaries" type="string" val="1"/>
    <parameter name="Objectives" type="string" val="destroy_all"/>
    <parameter name="Sky Rotation" type="string" val="0"/>
</LevelScriptParameters>
<Sky>
    <DomeTexture>Data/Textures/skies/blue3.tga</DomeTexture>
    <SunAngularRad>0.112145</SunAngularRad>
    <SunColorAngle>6.8534</SunColorAngle>
    <RayToSun r0="-0.018092" r1="0.749923" r2="0.661278"/>
</Sky>
<ActorObjects>
    <CameraObject t0="27.4534" t1="77.906" t2="-89.6188" s0="1" s1="1" s2="1" q0="0.0333378" q1="-0.890552" q2="0.0661508" r0="-0.594918" r1="3.72529e-008" r2="0.803786" r3="0" r4="-0.118756" r5="0.989025" r6="-0.0878969" r7="0" r8="-0.794965" r9="-0.147746" r10="-0.588389" r11="0" r12="0" r13="0" r14="0" r15="1" id="271">
        <parameters/>
    </CameraObject>
    <ActorObject t0="47.7552" t1="5.2247" t2="-134.009" s0="1" s1="1" s2="1" q0="5.96046e-008" q1="-0.298372" q2="0" r0="0.821948" r1="-3.55687e-008" r2="0.569562" r3="0" r4="-3.55687e-008" r5="1" r6="1.13779e-007" r7="0" r8="-0.569562" r9="-1.13779e-007" r10="0.821948" r11="0" r12="0" r13="0" r14="0" r15="1" id="1" type_file="Data/Objects/IGF_Characters/IGF_TurnerActor.xml" is_player="1" is_dead="0">
        <parameters>
            <parameter name="Aggression" type="string" val="0.5"/>
            <parameter name="Attack Damage" type="string" val="1.0"/>
            <parameter name="Attack Knockback" type="string" val="1.0"/>
            <parameter name="Attack Speed" type="string" val="1.0"/>
            <parameter name="Block Follow-up" type="string" val="0.5"/>
            <parameter name="Block Skill" type="string" val="0.5"/>
            <parameter name="Character Scale" type="float" val="1"/>
            <parameter name="Damage Resistance" type="string" val="1.0"/>
            <parameter name="Ear Size" type="float" val="1"/>
            <parameter name="Fat" type="float" val="0.5"/>
            <parameter name="Ground Aggression" type="float" val="0.5"/>
            <parameter name="Left handed" type="string" val="0.0"/>
            <parameter name="Lives" type="string" val="1"/>
            <parameter name="Movement Speed" type="string" val="1.0"/>
            <parameter name="Muscle" type="float" val="0.5"/>
            <parameter name="Static" type="int" val="0"/>
            <parameter name="Teams" type="string" val="turner"/>
        </parameters>
        <Connections>
            <Connection id="-1"/>
        </Connections>
        <ItemConnections/>
        <Palette>
            <Color label="Cloth" channel="0" red="1" green="1" blue="1"/>
            <Color label="Rope" channel="1" red="1" green="1" blue="1"/>
            <Color label="Fur" channel="2" red="1" green="1" blue="1"/>
        </Palette>
    </ActorObject>
    <EnvObject t0="108.105" t1="-12.6045" t2="-42.5655" s0="1" s1="1" s2="1" q0="0.769142" q1="0" q2="-0.639078" r0="0.183159" r1="0" r2="-0.983083" r3="0" r4="0" r5="-1" r6="0" r7="0" r8="-0.983083" r9="-0" r10="-0.183159" r11="0" r12="0" r13="0" r14="0" r15="1" id="2" color_r="0.611765" color_g="0.058824" color_b="0.058824" type_file="Data/Objects/Crete/hex_crete_half_slope.xml">
        <parameters/>
    </EnvObject>
    <EnvObject t0="-100.705" t1="-12.7679" t2="66.4681" s0="1.53066" s1="1.53066" s2="1.53066" q0="1" q1="-0.000217" q2="3.8e-005" r0="1" r1="-0.000434" r2="7.6e-005" r3="0" r4="-0.000434" r5="-1" r6="-1.6492e-008" r7="0" r8="7.6e-005" r9="-1.6492e-008" r10="-1" r11="0" r12="0" r13="0" r14="0" r15="1" id="4" color_r="0.611765" color_g="0.058824" color_b="0.058824" type_file="Data/Objects/Crete/hex_crete_tall.xml">
        <parameters/>
    </EnvObject>
    <EnvObject t0="19.3699" t1="46.3459" t2="-79.0463" s0="1.53066" s1="1.53066" s2="1.53066" q0="0" q1="0" q2="0" r0="1" r1="0" r2="0" r3="0" r4="0" r5="1" r6="0" r7="0" r8="0" r9="0" r10="1" r11="0" r12="0" r13="0" r14="0" r15="1" id="5" color_r="0.611765" color_g="0.058824" color_b="0.058824" type_file="Data/Objects/Crete/hex_crete_tall.xml">
        <parameters/>
    </EnvObject>
    <EnvObject t0="12.553" t1="-13.8114" t2="114.65" s0="1.53066" s1="1.53066" s2="1.53066" q0="-0.000280603" q1="0.855062" q2="4.4357e-005" r0="-0.462262" r1="-0.000433865" r2="-0.886743" r3="0" r4="-0.000525866" r5="1" r6="-0.000215144" r7="0" r8="0.886743" r9="0.000366856" r10="-0.462262" r11="0" r12="0" r13="0" r14="0" r15="1" id="6" color_r="0.611765" color_g="0.058824" color_b="0.058824" type_file="Data/Objects/Crete/hex_crete_tall.xml">
        <parameters/>
    </EnvObject>
    <PlaceholderObject t0="17.7917" t1="84.661" t2="-82.3831" s0="1" s1="1" s2="1" q0="0" q1="0" q2="0" r0="1" r1="0" r2="0" r3="0" r4="0" r5="1" r6="0" r7="0" r8="0" r9="0" r10="1" r11="0" r12="0" r13="0" r14="0" r15="1" id="7" type_file="" special_type="0">
        <parameters>
            <parameter name="Dialogue" type="string" val="Data/Dialogue/Project60/4_red_hills_dialogue_0.txt"/>
            <parameter name="DisplayName" type="string" val="Red Shards Outro"/>
            <parameter name="NumParticipants" type="int" val="1"/>
            <parameter name="obj_1" type="int" val="263"/>
        </parameters>
        <Connections>
            <Connection id="-1"/>
        </Connections>
    </PlaceholderObject>
    <EnvObject t0="-88.9465" t1="-3.31761" t2="32.5545" s0="1.53066" s1="1.53066" s2="1.53066" q0="9.64936e-005" q1="0.866006" q2="-0.000266982" r0="-0.499933" r1="-9.98718e-005" r2="-0.866064" r3="0" r4="0.000434128" r5="1" r6="-0.000365916" r7="0" r8="0.866064" r9="-0.000558916" r10="-0.499933" r11="0" r12="0" r13="0" r14="0" r15="1" id="8" color_r="0.611765" color_g="0.058824" color_b="0.058824" type_file="Data/Objects/Crete/hex_crete_tall.xml">
        <parameters/>
    </EnvObject>
    <EnvObject t0="4.76814" t1="44.7793" t2="-78.4905" s0="1" s1="1" s2="1" q0="2.98022e-007" q1="-5.96059e-008" q2="-0.70617" r0="0.00264782" r1="-0.999997" r2="-3.36501e-007" r3="0" r4="0.999997" r5="0.00264782" r6="5.06208e-007" r7="0" r8="-5.05315e-007" r9="-3.37841e-007" r10="1" r11="0" r12="0" r13="0" r14="0" r15="1" id="9" color_r="0.894118" color_g="0.0823529" color_b="0.0823529" type_file="Data/Objects/Crete/CreteBlockStandard.xml">
        <parameters/>
    </EnvObject>
    <EnvObject t0="19.3699" t1="-14.8534" t2="-92.6057" s0="1.53066" s1="1.53066" s2="1.53066" q0="-0" q1="-0.866026" q2="-0" r0="-0.500002" r1="0" r2="0.866024" r3="0" r4="0" r5="1" r6="0" r7="0" r8="-0.866024" r9="0" r10="-0.500002" r11="0" r12="0" r13="0" r14="0" r15="1" id="10" color_r="0.611765" color_g="0.058824" color_b="0.058824" type_file="Data/Objects/Crete/hex_crete_tall.xml">
        <parameters/>
    </EnvObject>
    <EnvObject t0="7.62701" t1="9.56363" t2="-72.2969" s0="1.53066" s1="1.53066" s2="1.53066" q0="1" q1="0" q2="0" r0="1" r1="0" r2="0" r3="0" r4="0" r5="-1" r6="0" r7="0" r8="0" r9="0" r10="-1" r11="0" r12="0" r13="0" r14="0" r15="1" id="11" color_r="0.611765" color_g="0.058824" color_b="0.058824" type_file="Data/Objects/Crete/hex_crete_tall.xml">
        <parameters/>
    </EnvObject>
    <EnvObject t0="7.61696" t1="3.40443" t2="-99.4157" s0="1.53066" s1="1.53066" s2="1.53066" q0="0" q1="-2.79397e-009" q2="2.79397e-009" r0="1" r1="5.58794e-009" r2="5.58794e-009" r3="0" r4="-5.58794e-009" r5="1" r6="-1.56125e-017" r7="0" r8="-5.58794e-009" r9="-1.56125e-017" r10="1" r11="0" r12="0" r13="0" r14="0" r15="1" id="12" color_r="0.611765" color_g="0.058824" color_b="0.058824" type_file="Data/Objects/Crete/hex_crete_tall.xml">
        <parameters/>
    </EnvObject>
    <EnvObject t0="7.71139" t1="31.6205" t2="-85.8645" s0="1.53066" s1="1.53066" s2="1.53066" q0="5.6811e-008" q1="-0" q2="-1" r0="-1" r1="-0" r2="-1.13622e-007" r3="0" r4="0" r5="-1" r6="0" r7="0" r8="-1.13622e-007" r9="0" r10="1" r11="0" r12="0" r13="0" r14="0" r15="1" id="13" color_r="0.611765" color_g="0.058824" color_b="0.058824" type_file="Data/Objects/Crete/hex_crete_tall.xml">
        <parameters/>
    </EnvObject>
    <EnvObject t0="-4.11571" t1="9.56422" t2="-92.6057" s0="1.53066" s1="1.53066" s2="1.53066" q0="0" q1="0" q2="0" r0="1" r1="0" r2="0" r3="0" r4="0" r5="1" r6="0" r7="0" r8="0" r9="0" r10="1" r11="0" r12="0" r13="0" r14="0" r15="1" id="14" color_r="0.611765" color_g="0.058824" color_b="0.058824" type_file="Data/Objects/Crete/hex_crete_tall.xml">
        <parameters/>
    </EnvObject>
    <EnvObject t0="-4.11571" t1="15.2466" t2="-79.0463" s0="1.53066" s1="1.53066" s2="1.53066" q0="0" q1="-0.5" q2="0" r0="0.5" r1="0" r2="0.866025" r3="0" r4="-0" r5="1" r6="0" r7="0" r8="-0.866025" r9="-0" r10="0.5" r11="0" r12="0" r13="0" r14="0" r15="1" id="15" color_r="0.611765" color_g="0.058824" color_b="0.058824" type_file="Data/Objects/Crete/hex_crete_tall.xml">
        <parameters/>
    </EnvObject>
    <EnvObject t0="19.3699" t1="-4.60713" t2="-79.0463" s0="1.53066" s1="1.53066" s2="1.53066" q0="0" q1="0" q2="0" r0="1" r1="0" r2="0" r3="0" r4="0" r5="1" r6="0" r7="0" r8="0" r9="0" r10="1" r11="0" r12="0" r13="0" r14="0" r15="1" id="16" color_r="0.611765" color_g="0.058824" color_b="0.058824" type_file="Data/Objects/Crete/hex_crete_tall.xml">
        <parameters/>
    </EnvObject>
    <EnvObject t0="-3.95706" t1="-6.14813" t2="-119.864" s0="1.53066" s1="1.53066" s2="1.53066" q0="0" q1="0.5" q2="0" r0="0.5" r1="0" r2="-0.866025" r3="0" r4="0" r5="1" r6="0" r7="0" r8="0.866025" r9="0" r10="0.5" r11="0" r12="0" r13="0" r14="0" r15="1" id="17" color_r="0.611765" color_g="0.058824" color_b="0.058824" type_file="Data/Objects/Crete/hex_crete_tall.xml">
        <parameters/>
    </EnvObject>
    <EnvObject t0="-4.00316" t1="-2.67486" t2="-133.371" s0="1.53066" s1="1.53066" s2="1.53066" q0="0" q1="1" q2="0" r0="-1" r1="0" r2="0" r3="0" r4="0" r5="1" r6="0" r7="0" r8="0" r9="0" r10="-1" r11="0" r12="0" r13="0" r14="0" r15="1" id="18" color_r="0.611765" color_g="0.058824" color_b="0.058824" type_file="Data/Objects/Crete/hex_crete_chipped.xml">
        <parameters/>
    </EnvObject>
    <EnvObject t0="7.78584" t1="-18.0874" t2="-140.172" s0="1.53066" s1="1.53066" s2="1.53066" q0="0" q1="0" q2="1" r0="-1" r1="0" r2="0" r3="0" r4="0" r5="-1" r6="0" r7="0" r8="0" r9="0" r10="1" r11="0" r12="0" r13="0" r14="0" r15="1" id="19" color_r="0.611765" color_g="0.058824" color_b="0.058824" type_file="Data/Objects/Crete/hex_crete_tall.xml">
        <parameters/>
    </EnvObject>
    <EnvObject t0="7.78604" t1="-2.69454" t2="-113.054" s0="1.53066" s1="1.53066" s2="1.53066" q0="0" q1="1" q2="0" r0="-1" r1="0" r2="0" r3="0" r4="0" r5="1" r6="0" r7="0" r8="0" r9="0" r10="-1" r11="0" r12="0" r13="0" r14="0" r15="1" id="20" color_r="0.611765" color_g="0.058824" color_b="0.058824" type_file="Data/Objects/Crete/hex_crete_tall.xml">
        <parameters/>
    </EnvObject>
    <EnvObject t0="102.829" t1="8.20413" t2="112.601" s0="1.53066" s1="1.53066" s2="1.53066" q0="0" q1="0" q2="1" r0="-1" r1="0" r2="0" r3="0" r4="0" r5="-1" r6="0" r7="0" r8="0" r9="0" r10="1" r11="0" r12="0" r13="0" r14="0" r15="1" id="21" color_r="0.611765" color_g="0.058824" color_b="0.058824" type_file="Data/Objects/Crete/hex_crete_tall.xml">
        <parameters/>
    </EnvObject>
    <EnvObject t0="19.5285" t1="-14.7036" t2="-119.864" s0="1.53066" s1="1.53066" s2="1.53066" q0="0" q1="1" q2="0" r0="-1" r1="0" r2="0" r3="0" r4="0" r5="1" r6="0" r7="0" r8="0" r9="0" r10="-1" r11="0" r12="0" r13="0" r14="0" r15="1" id="22" color_r="0.611765" color_g="0.058824" color_b="0.058824" type_file="Data/Objects/Crete/hex_crete_tall.xml">
        <parameters/>
    </EnvObject>
    <EnvObject t0="19.5285" t1="-30.7388" t2="-133.423" s0="1.53066" s1="1.53066" s2="1.53066" q0="0" q1="0.866026" q2="0" r0="-0.500002" r1="0" r2="-0.866024" r3="0" r4="0" r5="1" r6="0" r7="0" r8="0.866024" r9="0" r10="-0.500002" r11="0" r12="0" r13="0" r14="0" r15="1" id="23" color_r="0.611765" color_g="0.058824" color_b="0.058824" type_file="Data/Objects/Crete/hex_crete_tall.xml">
        <parameters/>
    </EnvObject>
    <EnvObject t0="-22.2472" t1="-19.5756" t2="106.454" s0="1.53066" s1="1.53066" s2="1.53066" q0="0" q1="-0.021487" q2="0" r0="0.999077" r1="0" r2="0.0429641" r3="0" r4="-0" r5="1" r6="0" r7="0" r8="-0.0429641" r9="-0" r10="0.999077" r11="0" r12="0" r13="0" r14="0" r15="1" id="24" color_r="0.611765" color_g="0.058824" color_b="0.058824" type_file="Data/Objects/Crete/hex_crete_tall.xml">
        <parameters/>
    </EnvObject>
    <EnvObject t0="158.036" t1="-19.0089" t2="147.797" s0="1.53066" s1="1.53066" s2="1.53066" q0="-0.185998" q1="-0.0191471" q2="-0.58813" r0="0.307473" r1="-0.918424" r2="0.248914" r3="0" r4="0.932669" r5="0.239016" r6="-0.270185" r7="0" r8="0.18865" r9="0.315229" r10="0.930076" r11="0" r12="0" r13="0" r14="0" r15="1" id="25" color_r="0.611765" color_g="0.058824" color_b="0.058824" type_file="Data/Objects/Crete/hex_crete_chipped.xml">
        <parameters/>
    </EnvObject>
    <EnvObject t0="1.18995" t1="-10.1476" t2="107.477" s0="1.53066" s1="1.53066" s2="1.53066" q0="-0.518493" q1="0" q2="0.855082" r0="-0.46233" r1="0" r2="-0.886708" r3="0" r4="-0" r5="-1" r6="0" r7="0" r8="-0.886708" r9="0" r10="0.46233" r11="0" r12="0" r13="0" r14="0" r15="1" id="26" color_r="0.611765" color_g="0.058824" color_b="0.058824" type_file="Data/Objects/Crete/hex_crete_tall.xml">
        <parameters/>
    </EnvObject>
    <EnvObject t0="-22.8566" t1="-15.9976" t2="120.015" s0="1.53066" s1="1.53066" s2="1.53066" q0="0" q1="0.855082" q2="0" r0="-0.46233" r1="0" r2="-0.886708" r3="0" r4="0" r5="1" r6="0" r7="0" r8="0.886708" r9="0" r10="-0.46233" r11="0" r12="0" r13="0" r14="0" r15="1" id="27" color_r="0.611765" color_g="0.058824" color_b="0.058824" type_file="Data/Objects/Crete/hex_crete_tall.xml">
        <parameters/>
    </EnvObject>
    <EnvObject t0="-10.8334" t1="-11.8705" t2="113.746" s0="1.53066" s1="1.53066" s2="1.53066" q0="0.855082" q1="0" q2="0.518493" r0="0.46233" r1="0" r2="0.886708" r3="0" r4="0" r5="-1" r6="0" r7="0" r8="0.886708" r9="0" r10="-0.46233" r11="0" r12="0" r13="0" r14="0" r15="1" id="28" color_r="0.611765" color_g="0.058824" color_b="0.058824" type_file="Data/Objects/Crete/hex_crete_tall.xml">
        <parameters/>
    </EnvObject>
    <EnvObject t0="-11.389" t1="-17.432" t2="127.279" s0="1.53066" s1="1.53066" s2="1.53066" q0="0" q1="0.855082" q2="0" r0="-0.46233" r1="0" r2="-0.886708" r3="0" r4="0" r5="1" r6="0" r7="0" r8="0.886708" r9="0" r10="-0.46233" r11="0" r12="0" r13="0" r14="0" r15="1" id="29" color_r="0.611765" color_g="0.058824" color_b="0.058824" type_file="Data/Objects/Crete/hex_crete_tall.xml">
        <parameters/>
    </EnvObject>
    <EnvObject t0="0.634219" t1="-30.3471" t2="121.01" s0="1.53066" s1="1.53066" s2="1.53066" q0="0" q1="0.481276" q2="0" r0="0.536747" r1="0" r2="-0.843743" r3="0" r4="0" r5="1" r6="0" r7="0" r8="0.843743" r9="0" r10="0.536747" r11="0" r12="0" r13="0" r14="0" r15="1" id="30" color_r="0.611765" color_g="0.058824" color_b="0.058824" type_file="Data/Objects/Crete/hex_crete_tall.xml">
        <parameters/>
    </EnvObject>
    <EnvObject t0="80.199" t1="-31.2318" t2="149.151" s0="1.53066" s1="1.53066" s2="1.53066" q0="-0.000279431" q1="-0.866045" q2="4.99397e-005" r0="-0.500068" r1="0.000533936" r2="0.865986" r3="0" r4="0.000434063" r5="1" r6="-0.000365912" r7="0" r8="-0.865986" r9="0.000192912" r10="-0.500068" r11="0" r12="0" r13="0" r14="0" r15="1" id="31" color_r="0.611765" color_g="0.058824" color_b="0.058824" type_file="Data/Objects/Crete/hex_crete_tall.xml">
        <parameters/>
    </EnvObject>
    <EnvObject t0="-65.4169" t1="7.04995" t2="46.0633" s0="1.53066" s1="1.53066" s2="1.53066" q0="-0.000183" q1="-3.8e-005" q2="-0.000217" r0="1" r1="-0.000433986" r2="7.60794e-005" r3="0" r4="0.000434014" r5="1" r6="-0.000365983" r7="0" r8="-7.59206e-005" r9="0.000366016" r10="1" r11="0" r12="0" r13="0" r14="0" r15="1" id="32" color_r="0.611765" color_g="0.058824" color_b="0.058824" type_file="Data/Objects/Crete/hex_crete_chipped.xml">
        <parameters/>
    </EnvObject>
    <EnvObject t0="12.3593" t1="50.7011" t2="-77.6435" s0="1" s1="1" s2="1" q0="2.98024e-007" q1="-5.96038e-008" q2="-0.70617" r0="0.00264782" r1="-0.999997" r2="-3.36507e-007" r3="0" r4="0.999997" r5="0.00264782" r6="5.06208e-007" r7="0" r8="-5.05315e-007" r9="-3.37846e-007" r10="1" r11="0" r12="0" r13="0" r14="0" r15="1" id="33" color_r="0.894118" color_g="0.0823529" color_b="0.0823529" type_file="Data/Objects/Crete/CreteBlockStandard.xml">
        <parameters/>
    </EnvObject>
    <EnvObject t0="-77.2054" t1="1.19557" t2="39.3052" s0="1.53066" s1="1.53066" s2="1.53066" q0="-3.8e-005" q1="0.000183" q2="1" r0="-1" r1="-1.3908e-008" r2="-7.6e-005" r3="0" r4="-1.3908e-008" r5="-1" r6="0.000366" r7="0" r8="-7.6e-005" r9="0.000366" r10="1" r11="0" r12="0" r13="0" r14="0" r15="1" id="34" color_r="0.611765" color_g="0.058824" color_b="0.058824" type_file="Data/Objects/Crete/hex_crete_tall.xml">
        <parameters/>
    </EnvObject>
    <EnvObject t0="-88.9424" t1="-6.74759" t2="46.1104" s0="1.53066" s1="1.53066" s2="1.53066" q0="-0.00026703" q1="-0.500032" q2="-9.64196e-005" r0="0.499936" r1="0.000100047" r2="0.866062" r3="0" r4="0.000434047" r5="1" r6="-0.000366074" r7="0" r8="-0.866062" r9="0.000558925" r10="0.499936" r11="0" r12="0" r13="0" r14="0" r15="1" id="35" color_r="0.611765" color_g="0.058824" color_b="0.058824" type_file="Data/Objects/Crete/hex_crete_tall.xml">
        <parameters/>
    </EnvObject>
    <EnvObject t0="13.7398" t1="-20.4925" t2="87.54" s0="1.53066" s1="1.53066" s2="1.53066" q0="-0.000102274" q1="-0.021525" q2="0.000265061" r0="0.999073" r1="0.000534402" r2="0.04304" r3="0" r4="-0.000525596" r5="1" r6="-0.000215911" r7="0" r8="-0.0430401" r9="0.00019309" r10="0.999073" r11="0" r12="0" r13="0" r14="0" r15="1" id="36" color_r="0.611765" color_g="0.058824" color_b="0.058824" type_file="Data/Objects/Crete/hex_crete_tall.xml">
        <parameters/>
    </EnvObject>
    <EnvObject t0="43.6279" t1="-11.8247" t2="136.352" s0="1.53066" s1="1.53066" s2="1.53066" q0="-4.99397e-005" q1="0.499967" q2="-0.000279431" r0="0.500066" r1="-0.000533936" r2="-0.865987" r3="0" r4="0.000434063" r5="1" r6="-0.000365913" r7="0" r8="0.865987" r9="-0.000192913" r10="0.500066" r11="0" r12="0" r13="0" r14="0" r15="1" id="37" color_r="0.611765" color_g="0.058824" color_b="0.058824" type_file="Data/Objects/Crete/hex_crete_tall.xml">
        <parameters/>
    </EnvObject>
    <EnvObject t0="76.6736" t1="0.506542" t2="-3.05716" s0="1.53066" s1="1.53066" s2="1.53066" q0="0.000217" q1="1" q2="-0.000183" r0="-1" r1="0.000434" r2="-7.9422e-008" r3="0" r4="0.000434" r5="1" r6="-0.000366" r7="0" r8="-7.9422e-008" r9="-0.000366" r10="-1" r11="0" r12="0" r13="0" r14="0" r15="1" id="38" color_r="0.611765" color_g="0.058824" color_b="0.058824" type_file="Data/Objects/Crete/hex_crete_tall.xml">
        <parameters/>
    </EnvObject>
    <EnvObject t0="68.4836" t1="30.9066" t2="142.348" s0="1.53066" s1="1.53066" s2="1.53066" q0="-0.000279431" q1="-0.866045" q2="4.99397e-005" r0="-0.500068" r1="0.000533936" r2="0.865986" r3="0" r4="0.000434063" r5="1" r6="-0.000365912" r7="0" r8="-0.865986" r9="0.000192912" r10="-0.500068" r11="0" r12="0" r13="0" r14="0" r15="1" id="39" color_r="0.611765" color_g="0.058824" color_b="0.058824" type_file="Data/Objects/Crete/hex_crete_tall.xml">
        <parameters/>
    </EnvObject>
    <EnvObject t0="18.4541" t1="-8.91188" t2="165.953" s0="1.53066" s1="1.53066" s2="1.53066" q0="1" q1="-0.000217" q2="3.8e-005" r0="1" r1="-0.000434" r2="7.6e-005" r3="0" r4="-0.000434" r5="-1" r6="-1.6492e-008" r7="0" r8="7.6e-005" r9="-1.6492e-008" r10="-1" r11="0" r12="0" r13="0" r14="0" r15="1" id="40" color_r="0.611765" color_g="0.058824" color_b="0.058824" type_file="Data/Objects/Crete/hex_crete_tall.xml">
        <parameters/>
    </EnvObject>
    <EnvObject t0="56.72" t1="-13.5185" t2="162.702" s0="1.53066" s1="1.53066" s2="1.53066" q0="-0.000279431" q1="-0.866045" q2="4.99397e-005" r0="-0.500068" r1="0.000533936" r2="0.865986" r3="0" r4="0.000434063" r5="1" r6="-0.000365912" r7="0" r8="-0.865986" r9="0.000192912" r10="-0.500068" r11="0" r12="0" r13="0" r14="0" r15="1" id="41" color_r="0.611765" color_g="0.058824" color_b="0.058824" type_file="Data/Objects/Crete/hex_crete_tall.xml">
        <parameters/>
    </EnvObject>
    <EnvObject t0="68.4615" t1="-20.0465" t2="142.367" s0="1.53066" s1="1.53066" s2="1.53066" q0="-0.000279431" q1="-0.866045" q2="4.99397e-005" r0="-0.500068" r1="0.000533936" r2="0.865986" r3="0" r4="0.000434063" r5="1" r6="-0.000365912" r7="0" r8="-0.865986" r9="0.000192912" r10="-0.500068" r11="0" r12="0" r13="0" r14="0" r15="1" id="42" color_r="0.611765" color_g="0.058824" color_b="0.058824" type_file="Data/Objects/Crete/hex_crete_tall.xml">
        <parameters/>
    </EnvObject>
    <EnvObject t0="-10.2917" t1="11.9174" t2="100.169" s0="1.53066" s1="1.53066" s2="1.53066" q0="1.1921e-007" q1="0.529444" q2="-2.03721e-008" r0="0.439378" r1="9.16649e-008" r2="-0.898302" r3="0" r4="1.60795e-007" r5="1" r6="1.80691e-007" r7="0" r8="0.898302" r9="-2.23834e-007" r10="0.439378" r11="0" r12="0" r13="0" r14="0" r15="1" id="43" color_r="0.611765" color_g="0.058824" color_b="0.058824" type_file="Data/Objects/Crete/hex_crete_chipped.xml">
        <parameters/>
    </EnvObject>
    <EnvObject t0="102.838" t1="-16.6138" t2="139.756" s0="1.53066" s1="1.53066" s2="1.53066" q0="0.000217" q1="1" q2="-0.000183" r0="-1" r1="0.000434" r2="-7.9422e-008" r3="0" r4="0.000434" r5="1" r6="-0.000366" r7="0" r8="-7.9422e-008" r9="-0.000366" r10="-1" r11="0" r12="0" r13="0" r14="0" r15="1" id="44" color_r="0.611765" color_g="0.058824" color_b="0.058824" type_file="Data/Objects/Crete/hex_crete_tall.xml">
        <parameters/>
    </EnvObject>
    <EnvObject t0="126.315" t1="-5.32755" t2="112.631" s0="1.53066" s1="1.53066" s2="1.53066" q0="-0" q1="-0.866026" q2="-0" r0="-0.500002" r1="0" r2="0.866024" r3="0" r4="0" r5="1" r6="0" r7="0" r8="-0.866024" r9="0" r10="-0.500002" r11="0" r12="0" r13="0" r14="0" r15="1" id="45" color_r="0.611765" color_g="0.058824" color_b="0.058824" type_file="Data/Objects/Crete/hex_crete_tall.xml">
        <parameters/>
    </EnvObject>
    <EnvObject t0="89.9017" t1="37.7049" t2="135.824" s0="1.53066" s1="1.53066" s2="1.53066" q0="0.135177" q1="0.00274771" q2="0.316874" r0="0.799167" r1="0.595694" r2="0.0805092" r3="0" r4="-0.594208" r5="0.762636" r6="0.255545" r7="0" r8="0.0908272" r9="-0.252062" r10="0.963439" r11="0" r12="0" r13="0" r14="0" r15="1" id="46" color_r="0.611765" color_g="0.058824" color_b="0.058824" type_file="Data/Objects/Crete/hex_crete_chipped.xml">
        <parameters/>
    </EnvObject>
    <EnvObject t0="102.829" t1="-0.292261" t2="126.161" s0="1.53066" s1="1.53066" s2="1.53066" q0="1" q1="0" q2="0" r0="1" r1="0" r2="0" r3="0" r4="0" r5="-1" r6="0" r7="0" r8="0" r9="0" r10="-1" r11="0" r12="0" r13="0" r14="0" r15="1" id="47" color_r="0.611765" color_g="0.058824" color_b="0.058824" type_file="Data/Objects/Crete/hex_crete_tall.xml">
        <parameters/>
    </EnvObject>
    <EnvObject t0="102.829" t1="-15.6449" t2="99.0417" s0="1.53066" s1="1.53066" s2="1.53066" q0="0" q1="0" q2="0" r0="1" r1="0" r2="0" r3="0" r4="0" r5="1" r6="0" r7="0" r8="0" r9="0" r10="1" r11="0" r12="0" r13="0" r14="0" r15="1" id="48" color_r="0.611765" color_g="0.058824" color_b="0.058824" type_file="Data/Objects/Crete/hex_crete_tall.xml">
        <parameters/>
    </EnvObject>
    <EnvObject t0="78.9043" t1="-2.25966" t2="98.8524" s0="1.53066" s1="1.53066" s2="1.53066" q0="0" q1="0" q2="0" r0="1" r1="0" r2="0" r3="0" r4="0" r5="1" r6="0" r7="0" r8="0" r9="0" r10="1" r11="0" r12="0" r13="0" r14="0" r15="1" id="49" color_r="0.611765" color_g="0.058824" color_b="0.058824" type_file="Data/Objects/Crete/hex_crete_tall.xml">
        <parameters/>
    </EnvObject>
    <EnvObject t0="34.5681" t1="-14.6489" t2="-27.4048" s0="1.53066" s1="1.53066" s2="1.53066" q0="-0.165773" q1="-0.177619" q2="0.7095" r0="-0.0698775" r1="0.997556" r2="-0.000242412" r3="0" r4="-0.879778" r5="-0.0617419" r6="-0.471359" r7="0" r8="-0.470221" r9="-0.0327241" r10="0.881942" r11="0" r12="0" r13="0" r14="0" r15="1" id="50" color_r="0.611765" color_g="0.058824" color_b="0.058824" type_file="Data/Objects/Crete/hex_crete_tall.xml">
        <parameters/>
    </EnvObject>
    <EnvObject t0="7.78583" t1="-9.56155" t2="-126.613" s0="1.53066" s1="1.53066" s2="1.53066" q0="1" q1="0" q2="0" r0="1" r1="0" r2="0" r3="0" r4="0" r5="-1" r6="0" r7="0" r8="0" r9="0" r10="-1" r11="0" r12="0" r13="0" r14="0" r15="1" id="51" color_r="0.611765" color_g="0.058824" color_b="0.058824" type_file="Data/Objects/Crete/hex_crete_tall.xml">
        <parameters/>
    </EnvObject>
    <EnvObject t0="114.572" t1="-1.91211" t2="105.852" s0="1.53066" s1="1.53066" s2="1.53066" q0="-0" q1="-0.866026" q2="-0" r0="-0.500002" r1="0" r2="0.866024" r3="0" r4="0" r5="1" r6="0" r7="0" r8="-0.866024" r9="0" r10="-0.500002" r11="0" r12="0" r13="0" r14="0" r15="1" id="52" color_r="0.611765" color_g="0.058824" color_b="0.058824" type_file="Data/Objects/Crete/hex_crete_tall.xml">
        <parameters/>
    </EnvObject>
    <EnvObject t0="18.4683" t1="60.7462" t2="-87.1428" s0="1" s1="1" s2="1" q0="2.98024e-007" q1="-5.96038e-008" q2="-0.70617" r0="0.00264782" r1="-0.999997" r2="-3.36507e-007" r3="0" r4="0.999997" r5="0.00264782" r6="5.06208e-007" r7="0" r8="-5.05315e-007" r9="-3.37846e-007" r10="1" r11="0" r12="0" r13="0" r14="0" r15="1" id="53" color_r="0.894118" color_g="0.0823529" color_b="0.0823529" type_file="Data/Objects/Crete/CreteBlockStandard.xml">
        <parameters/>
    </EnvObject>
    <EnvObject t0="-77.2076" t1="6.83316" t2="25.7477" s0="1.53066" s1="1.53066" s2="1.53066" q0="-0.000183" q1="-3.8e-005" q2="-0.000217" r0="1" r1="-0.000433986" r2="7.60794e-005" r3="0" r4="0.000434014" r5="1" r6="-0.000365983" r7="0" r8="-7.59206e-005" r9="0.000366016" r10="1" r11="0" r12="0" r13="0" r14="0" r15="1" id="54" color_r="0.611765" color_g="0.058824" color_b="0.058824" type_file="Data/Objects/Crete/hex_crete_tall.xml">
        <parameters/>
    </EnvObject>
    <EnvObject t0="-53.8497" t1="4.02447" t2="-1.32163" s0="1.53066" s1="1.53066" s2="1.53066" q0="-0" q1="-0.866026" q2="-0" r0="-0.500002" r1="0" r2="0.866024" r3="0" r4="0" r5="1" r6="0" r7="0" r8="-0.866024" r9="0" r10="-0.500002" r11="0" r12="0" r13="0" r14="0" r15="1" id="55" color_r="0.611765" color_g="0.058824" color_b="0.058824" type_file="Data/Objects/Crete/hex_crete_tall.xml">
        <parameters/>
    </EnvObject>
    <EnvObject t0="-65.5926" t1="6.73089" t2="18.9871" s0="1.53066" s1="1.53066" s2="1.53066" q0="1" q1="0" q2="0" r0="1" r1="0" r2="0" r3="0" r4="0" r5="-1" r6="0" r7="0" r8="0" r9="0" r10="-1" r11="0" r12="0" r13="0" r14="0" r15="1" id="56" color_r="0.611765" color_g="0.058824" color_b="0.058824" type_file="Data/Objects/Crete/hex_crete_tall.xml">
        <parameters/>
    </EnvObject>
    <EnvObject t0="-65.5926" t1="7.60246" t2="-8.13166" s0="1.53066" s1="1.53066" s2="1.53066" q0="0" q1="0" q2="0" r0="1" r1="0" r2="0" r3="0" r4="0" r5="1" r6="0" r7="0" r8="0" r9="0" r10="1" r11="0" r12="0" r13="0" r14="0" r15="1" id="57" color_r="0.611765" color_g="0.058824" color_b="0.058824" type_file="Data/Objects/Crete/hex_crete_tall.xml">
        <parameters/>
    </EnvObject>
    <EnvObject t0="26.025" t1="64.4344" t2="-84.8574" s0="1" s1="1" s2="1" q0="-0.306063" q1="0.305252" q2="-0.636784" r0="0.00265467" r1="-0.999996" r2="-6.25849e-007" r3="0" r4="0.626291" r5="0.00166315" r6="-0.779588" r7="0" r8="0.779585" r9="0.00206915" r10="0.626293" r11="0" r12="0" r13="0" r14="0" r15="1" id="58" color_r="0.894118" color_g="0.0823529" color_b="0.0823529" type_file="Data/Objects/Crete/CreteBlockStandard.xml">
        <parameters/>
    </EnvObject>
    <EnvObject t0="-77.3353" t1="6.16801" t2="-1.32163" s0="1.53066" s1="1.53066" s2="1.53066" q0="0" q1="0" q2="0" r0="1" r1="0" r2="0" r3="0" r4="0" r5="1" r6="0" r7="0" r8="0" r9="0" r10="1" r11="0" r12="0" r13="0" r14="0" r15="1" id="59" color_r="0.611765" color_g="0.058824" color_b="0.058824" type_file="Data/Objects/Crete/hex_crete_tall.xml">
        <parameters/>
    </EnvObject>
    <EnvObject t0="-77.3353" t1="11.1659" t2="12.2377" s0="1.53066" s1="1.53066" s2="1.53066" q0="0" q1="-0.5" q2="0" r0="0.5" r1="0" r2="0.866025" r3="0" r4="-0" r5="1" r6="0" r7="0" r8="-0.866025" r9="-0" r10="0.5" r11="0" r12="0" r13="0" r14="0" r15="1" id="60" color_r="0.611765" color_g="0.058824" color_b="0.058824" type_file="Data/Objects/Crete/hex_crete_tall.xml">
        <parameters/>
    </EnvObject>
    <EnvObject t0="-65.4568" t1="6.5998" t2="32.551" s0="1.53066" s1="1.53066" s2="1.53066" q0="-0.000279431" q1="-0.866045" q2="4.99397e-005" r0="-0.500068" r1="0.000533936" r2="0.865986" r3="0" r4="0.000434063" r5="1" r6="-0.000365912" r7="0" r8="-0.865986" r9="0.000192912" r10="-0.500068" r11="0" r12="0" r13="0" r14="0" r15="1" id="61" color_r="0.611765" color_g="0.058824" color_b="0.058824" type_file="Data/Objects/Crete/hex_crete_tall.xml">
        <parameters/>
    </EnvObject>
    <EnvObject t0="-53.8036" t1="-3.31303" t2="12.1854" s0="1.53066" s1="1.53066" s2="1.53066" q0="0" q1="0" q2="0" r0="1" r1="0" r2="0" r3="0" r4="0" r5="1" r6="0" r7="0" r8="0" r9="0" r10="1" r11="0" r12="0" r13="0" r14="0" r15="1" id="62" color_r="0.611765" color_g="0.058824" color_b="0.058824" type_file="Data/Objects/Crete/hex_crete_chipped.xml">
        <parameters/>
    </EnvObject>
    <EnvObject t0="31.8832" t1="-16.4881" t2="129.572" s0="1.53066" s1="1.53066" s2="1.53066" q0="-0.000279431" q1="-0.866045" q2="4.99397e-005" r0="-0.500068" r1="0.000533936" r2="0.865986" r3="0" r4="0.000434063" r5="1" r6="-0.000365912" r7="0" r8="-0.865986" r9="0.000192912" r10="-0.500068" r11="0" r12="0" r13="0" r14="0" r15="1" id="63" color_r="0.611765" color_g="0.058824" color_b="0.058824" type_file="Data/Objects/Crete/hex_crete_tall.xml">
        <parameters/>
    </EnvObject>
    <EnvObject t0="68.5526" t1="43.2474" t2="128.833" s0="1.53066" s1="1.53066" s2="1.53066" q0="0" q1="0" q2="0" r0="1" r1="0" r2="0" r3="0" r4="0" r5="1" r6="0" r7="0" r8="0" r9="0" r10="1" r11="0" r12="0" r13="0" r14="0" r15="1" id="64" color_r="0.611765" color_g="0.058824" color_b="0.058824" type_file="Data/Objects/Crete/hex_crete_chipped.xml">
        <parameters/>
    </EnvObject>
    <EnvObject t0="68.3027" t1="-14.0551" t2="155.533" s0="1.53066" s1="1.53066" s2="1.53066" q0="0" q1="0" q2="0" r0="1" r1="0" r2="0" r3="0" r4="0" r5="1" r6="0" r7="0" r8="0" r9="0" r10="1" r11="0" r12="0" r13="0" r14="0" r15="1" id="65" color_r="0.611765" color_g="0.058824" color_b="0.058824" type_file="Data/Objects/Crete/hex_crete_chipped.xml">
        <parameters/>
    </EnvObject>
    <EnvObject t0="-111.322" t1="-8.34254" t2="145.869" s0="1.53066" s1="1.53066" s2="1.53066" q0="0.873457" q1="0.00316932" q2="-0.00568602" r0="0.999915" r1="-3.58559e-008" r2="-0.013019" r3="0" r4="0.0110731" r5="-0.525919" r6="0.850463" r7="0" r8="-0.00684697" r9="-0.850535" r10="-0.525874" r11="0" r12="0" r13="0" r14="0" r15="1" id="66" color_r="0.611765" color_g="0.058824" color_b="0.058824" type_file="Data/Objects/Crete/hex_crete_tall.xml">
        <parameters/>
    </EnvObject>
    <EnvObject t0="-99.9827" t1="-31.9768" t2="120.044" s0="1.53066" s1="1.53066" s2="1.53066" q0="0.505627" q1="0" q2="0.862752" r0="-0.488682" r1="0.000941979" r2="0.872461" r3="0" r4="-0.000941979" r5="-0.999999" r6="0.000552059" r7="0" r8="0.872461" r9="-0.000552059" r10="0.488683" r11="0" r12="0" r13="0" r14="0" r15="1" id="67" color_r="0.611765" color_g="0.058824" color_b="0.058824" type_file="Data/Objects/Crete/hex_crete_chipped.xml">
        <parameters/>
    </EnvObject>
    <EnvObject t0="-88.2873" t1="-24.4323" t2="113.082" s0="1.53066" s1="1.53066" s2="1.53066" q0="0" q1="-0.862753" q2="0" r0="-0.488685" r1="0" r2="0.87246" r3="0" r4="-0" r5="1" r6="0" r7="0" r8="-0.87246" r9="-0" r10="-0.488685" r11="0" r12="0" r13="0" r14="0" r15="1" id="68" color_r="0.611765" color_g="0.058824" color_b="0.058824" type_file="Data/Objects/Crete/hex_crete_tall.xml">
        <parameters/>
    </EnvObject>
    <EnvObject t0="-111.947" t1="-35.7512" t2="99.8298" s0="1.53066" s1="1.53066" s2="1.53066" q0="0.505627" q1="0" q2="0.862752" r0="-0.488682" r1="0.000941979" r2="0.872461" r3="0" r4="-0.000941979" r5="-0.999999" r6="0.000552059" r7="0" r8="0.872461" r9="-0.000552059" r10="0.488683" r11="0" r12="0" r13="0" r14="0" r15="1" id="69" color_r="0.611765" color_g="0.058824" color_b="0.058824" type_file="Data/Objects/Crete/hex_crete_tall.xml">
        <parameters/>
    </EnvObject>
    <EnvObject t0="-100.117" t1="-19.9785" t2="106.456" s0="1.53066" s1="1.53066" s2="1.53066" q0="0" q1="0.505627" q2="0" r0="0.488683" r1="0" r2="-0.872462" r3="0" r4="0" r5="1" r6="0" r7="0" r8="0.872462" r9="0" r10="0.488683" r11="0" r12="0" r13="0" r14="0" r15="1" id="70" color_r="0.611765" color_g="0.058824" color_b="0.058824" type_file="Data/Objects/Crete/hex_crete_tall.xml">
        <parameters/>
    </EnvObject>
    <EnvObject t0="-100.267" t1="-16.828" t2="92.9127" s0="1.53066" s1="1.53066" s2="1.53066" q0="0.505627" q1="0" q2="0.862752" r0="-0.488682" r1="0.000941979" r2="0.872461" r3="0" r4="-0.000941979" r5="-0.999999" r6="0.000552059" r7="0" r8="0.872461" r9="-0.000552059" r10="0.488683" r11="0" r12="0" r13="0" r14="0" r15="1" id="71" color_r="0.611765" color_g="0.058824" color_b="0.058824" type_file="Data/Objects/Crete/hex_crete_tall.xml">
        <parameters/>
    </EnvObject>
    <EnvObject t0="-88.4375" t1="-12.7221" t2="99.5389" s0="1.53066" s1="1.53066" s2="1.53066" q0="0.869262" q1="0" q2="0.494352" r0="0.511232" r1="0" r2="0.859443" r3="0" r4="0" r5="-1" r6="0" r7="0" r8="0.859443" r9="0" r10="-0.511233" r11="0" r12="0" r13="0" r14="0" r15="1" id="72" color_r="0.611765" color_g="0.058824" color_b="0.058824" type_file="Data/Objects/Crete/hex_crete_tall.xml">
        <parameters/>
    </EnvObject>
    <EnvObject t0="-111.744" t1="-22.0482" t2="113.403" s0="1.53066" s1="1.53066" s2="1.53066" q0="0.999979" q1="0" q2="-0.00650964" r0="0.999915" r1="0" r2="-0.013019" r3="0" r4="0" r5="-1" r6="0" r7="0" r8="-0.013019" r9="-0" r10="-0.999916" r11="0" r12="0" r13="0" r14="0" r15="1" id="73" color_r="0.611765" color_g="0.058824" color_b="0.058824" type_file="Data/Objects/Crete/hex_crete_tall.xml">
        <parameters/>
    </EnvObject>
    <EnvObject t0="88.7935" t1="9.86447" t2="145.776" s0="1.53066" s1="1.53066" s2="1.53066" q0="-0.16652" q1="-0.000251393" q2="-0.336519" r0="0.77351" r1="-0.623712" r2="0.11254" r3="0" r4="0.62388" r5="0.718052" r6="-0.308504" r7="0" r8="0.111608" r9="0.308843" r10="0.944542" r11="0" r12="0" r13="0" r14="0" r15="1" id="74" color_r="0.611765" color_g="0.058824" color_b="0.058824" type_file="Data/Objects/Crete/hex_crete_chipped.xml">
        <parameters/>
    </EnvObject>
    <EnvObject t0="91.0861" t1="-15.2595" t2="119.411" s0="1.53066" s1="1.53066" s2="1.53066" q0="0" q1="-0.5" q2="0" r0="0.5" r1="0" r2="0.866025" r3="0" r4="-0" r5="1" r6="0" r7="0" r8="-0.866025" r9="-0" r10="0.5" r11="0" r12="0" r13="0" r14="0" r15="1" id="75" color_r="0.611765" color_g="0.058824" color_b="0.058824" type_file="Data/Objects/Crete/hex_crete_tall.xml">
        <parameters/>
    </EnvObject>
    <EnvObject t0="79.1947" t1="0.458883" t2="-83.2218" s0="1" s1="1" s2="1" q0="0" q1="0.639078" q2="0" r0="0.183159" r1="0" r2="-0.983083" r3="0" r4="0" r5="1" r6="0" r7="0" r8="0.983083" r9="0" r10="0.183159" r11="0" r12="0" r13="0" r14="0" r15="1" id="76" color_r="0.611765" color_g="0.058824" color_b="0.058824" type_file="Data/Objects/Crete/hex_crete_half_slope.xml">
        <parameters/>
    </EnvObject>
    <EnvObject t0="-9.81324" t1="3.18532" t2="-47.3108" s0="1.53066" s1="1.53066" s2="1.53066" q0="-0" q1="-0.866026" q2="-0" r0="-0.500002" r1="0" r2="0.866024" r3="0" r4="0" r5="1" r6="0" r7="0" r8="-0.866024" r9="0" r10="-0.500002" r11="0" r12="0" r13="0" r14="0" r15="1" id="77" color_r="0.611765" color_g="0.058824" color_b="0.058824" type_file="Data/Objects/Crete/hex_crete_tall.xml">
        <parameters/>
    </EnvObject>
    <EnvObject t0="-21.5099" t1="21.3172" t2="-40.5835" s0="1.53066" s1="1.53066" s2="1.53066" q0="0" q1="0" q2="0" r0="1" r1="0" r2="0" r3="0" r4="0" r5="1" r6="0" r7="0" r8="0" r9="0" r10="1" r11="0" r12="0" r13="0" r14="0" r15="1" id="78" color_r="0.611765" color_g="0.058824" color_b="0.058824" type_file="Data/Objects/Crete/hex_crete_chipped.xml">
        <parameters/>
    </EnvObject>
    <EnvObject t0="-33.2989" t1="13.7727" t2="-33.7817" s0="1.53066" s1="1.53066" s2="1.53066" q0="1" q1="0" q2="0" r0="1" r1="0" r2="0" r3="0" r4="0" r5="-1" r6="0" r7="0" r8="0" r9="0" r10="-1" r11="0" r12="0" r13="0" r14="0" r15="1" id="79" color_r="0.611765" color_g="0.058824" color_b="0.058824" type_file="Data/Objects/Crete/hex_crete_tall.xml">
        <parameters/>
    </EnvObject>
    <EnvObject t0="-33.2989" t1="9.31898" t2="-47.3412" s0="1.53066" s1="1.53066" s2="1.53066" q0="0" q1="0" q2="1" r0="-1" r1="0" r2="0" r3="0" r4="0" r5="-1" r6="0" r7="0" r8="0" r9="0" r10="1" r11="0" r12="0" r13="0" r14="0" r15="1" id="80" color_r="0.611765" color_g="0.058824" color_b="0.058824" type_file="Data/Objects/Crete/hex_crete_tall.xml">
        <parameters/>
    </EnvObject>
    <EnvObject t0="-45.0416" t1="6.16843" t2="-54.0905" s0="1.53066" s1="1.53066" s2="1.53066" q0="0" q1="0" q2="0" r0="1" r1="0" r2="0" r3="0" r4="0" r5="1" r6="0" r7="0" r8="0" r9="0" r10="1" r11="0" r12="0" r13="0" r14="0" r15="1" id="81" color_r="0.611765" color_g="0.058824" color_b="0.058824" type_file="Data/Objects/Crete/hex_crete_tall.xml">
        <parameters/>
    </EnvObject>
    <EnvObject t0="-45.0416" t1="-6.74663" t2="-40.5311" s0="1.53066" s1="1.53066" s2="1.53066" q0="0" q1="-0.5" q2="0" r0="0.5" r1="0" r2="0.866025" r3="0" r4="-0" r5="1" r6="0" r7="0" r8="-0.866025" r9="-0" r10="0.5" r11="0" r12="0" r13="0" r14="0" r15="1" id="82" color_r="0.611765" color_g="0.058824" color_b="0.058824" type_file="Data/Objects/Crete/hex_crete_tall.xml">
        <parameters/>
    </EnvObject>
