<?xml version="2.0" ?>
<Type>saved</Type>
<Name></Name>
<Description></Description>
<Shader>post</Shader>
<Terrain>
    <Heightmap>Data/Textures/Terrain/shielded_stands/shielded_stands_hm.png</Heightmap>
    <DetailMap></DetailMap>
    <ColorMap>Data/Textures/Terrain/shielded_stands/shielded_stands_c.tga</ColorMap>
    <WeightMap>Data/Textures/Terrain/shielded_stands/shielded_stands_w.tga</WeightMap>
    <ModelOverride>Data/Custom/gyrth/boat_level/Models/map.obj</ModelOverride>
    <DetailMaps>
        <DetailMap colorpath="Data/Textures/Terrain/DetailTextures/grass.tga" normalpath="Data/Textures/Terrain/DetailTextures/grass_normal.png" materialpath="Data/Materials/grass.xml" />
        <DetailMap colorpath="Data/Textures/Terrain/DetailTextures/grass_stones_c.tga" normalpath="Data/Textures/Terrain/DetailTextures/grass_stones_n.tga" materialpath="Data/Materials/gravel.xml" />
        <DetailMap colorpath="Data/Textures/Terrain/DetailTextures/rubble_rocks_c.tga" normalpath="Data/Textures/Terrain/DetailTextures/rubble_rocks_n.tga" materialpath="Data/Materials/rocks.xml" />
        <DetailMap colorpath="Data/Textures/Terrain/DetailTextures/chipped_rock.tga" normalpath="Data/Textures/Terrain/DetailTextures/chipped_rock_normal.tga" materialpath="Data/Materials/rock.xml" />
    </DetailMaps>
    <DetailObjects>
        <DetailObject obj_path="Data/Objects/Plants/Groundcover/Grass/WildGrass.xml" weight_path="Data/Textures/Terrain/shielded_stands/shielded_stands_grass.png" normal_conform="0.5" density="10" min_embed="0" max_embed="0.4" min_scale="0.7" max_scale="2" view_distance="40" jitter_degrees="10" overbright="0" />
        <DetailObject obj_path="Data/Objects/Environment/Rocks/lichen_rock_c.xml" weight_path="Data/Textures/Terrain/shielded_stands/shielded_stands_rocks.png" normal_conform="0.9" density="1.2" min_embed="0.4" max_embed="0.6" min_scale="0.2" max_scale="0.8" view_distance="30" jitter_degrees="30" overbright="0.4" collision_type="static" />
    </DetailObjects>
</Terrain>
<OutOfDate Shadow="true" AO="true" NavMesh="true" />
<SpawnPoints>
    <SpawnPoint t0="0" t1="0" t2="0" s0="1" s1="1" s2="1" r0="1" r1="0" r2="0" r3="0" r4="0" r5="1" r6="0" r7="0" r8="0" r9="0" r10="1" r11="0" r12="0" r13="0" r14="0" r15="1" />
</SpawnPoints>
<AmbientSounds>
    <Ambient path="Data/Sounds/ambient/amb_grassfield_loop" />
</AmbientSounds>
<Script></Script>
<LevelScriptParameters>
    <parameter name="Achievements" type="string" val="flawless, no_injuries, no_kills" />
    <parameter name="Level Boundaries" type="int" val="1" />
    <parameter name="Objectives" type="string" val="destroy_all" />
</LevelScriptParameters>
<Sky>
    <DomeTexture>Data/Textures/skies/Cirrus1.tga</DomeTexture>
    <SunAngularRad>0.124719</SunAngularRad>
    <SunColorAngle>39.8456</SunColorAngle>
    <RayToSun r0="-0.021415" r1="0.352837" r2="0.93544" />
    <ExtraAO>0.2</ExtraAO>
    <SkyRotation>0</SkyRotation>
</Sky>
<ActorObjects>
    <Group t0="318.356" t1="-16.4459" t2="-188.572" s0="1.37332" s1="1.37332" s2="1.37332" r0="1" r1="0" r2="0" r3="0" r4="0" r5="1" r6="0" r7="0" r8="0" r9="0" r10="1" r11="0" r12="0" r13="0" r14="0" r15="1" id="2" d0="22.7547" d1="30.1431" d2="21.9735" uses_imposter="0">
        <parameters />
        <EnvObject t0="321.848" t1="-15.8784" t2="-185.235" s0="4.54721" s1="4.54721" s2="4.54721" r0="1" r1="0" r2="0" r3="0" r4="0" r5="-0.999855" r6="-0.01706" r7="0" r8="0" r9="0.01706" r10="-0.999855" r11="0" r12="0" r13="0" r14="0" r15="1" id="18" color_r="0.541176" color_g="0.533333" color_b="0.521569" type_file="Data/Objects/Environment/Rocks/strata_rocks/strata_rock_pillar.xml">
            <parameters />
        </EnvObject>
        <EnvObject t0="312.492" t1="-17.4899" t2="-184.406" s0="3.80673" s1="3.80673" s2="3.80673" r0="-0.09102" r1="0" r2="0.995849" r3="0" r4="-0" r5="1" r6="0" r7="0" r8="-0.995849" r9="-0" r10="-0.09102" r11="0" r12="0" r13="0" r14="0" r15="1" id="19" color_r="0.541176" color_g="0.533333" color_b="0.521569" type_file="Data/Objects/Environment/Rocks/strata_rocks/strata_rock_pillar.xml">
            <parameters />
        </EnvObject>
        <EnvObject t0="322.284" t1="-15.7833" t2="-194.245" s0="3.2676" s1="3.2676" s2="3.2676" r0="1" r1="0" r2="0" r3="0" r4="0" r5="1" r6="0" r7="0" r8="0" r9="0" r10="1" r11="0" r12="0" r13="0" r14="0" r15="1" id="20" color_r="0.541176" color_g="0.533333" color_b="0.521569" type_file="Data/Objects/Environment/Rocks/strata_rocks/strata_rock_pillar.xml">
            <parameters />
        </EnvObject>
        <EnvObject t0="318.05" t1="-22.8061" t2="-194.284" s0="3.2676" s1="3.2676" s2="3.2676" r0="-0.09102" r1="0" r2="0.995849" r3="0" r4="-0" r5="1" r6="0" r7="0" r8="-0.995849" r9="-0" r10="-0.09102" r11="0" r12="0" r13="0" r14="0" r15="1" id="21" color_r="0.541176" color_g="0.533333" color_b="0.521569" type_file="Data/Objects/Environment/Rocks/strata_rocks/strata_rock_pillar.xml">
            <parameters />
        </EnvObject>
    </Group>
    <Group t0="317.472" t1="-3.26661" t2="-206.509" s0="1.37332" s1="1.37332" s2="1.37332" r0="0.567697" r1="0" r2="0.823238" r3="0" r4="-0" r5="1" r6="0" r7="0" r8="-0.823238" r9="-0" r10="0.567697" r11="0" r12="0" r13="0" r14="0" r15="1" id="4" d0="22.7547" d1="30.1431" d2="21.9735" uses_imposter="0">
        <parameters />
        <EnvObject t0="316.708" t1="-2.69908" t2="-201.74" s0="4.54721" s1="4.54721" s2="4.54721" r0="0.567697" r1="-2.62167e-007" r2="0.823238" r3="0" r4="0.0140442" r5="-0.999855" r6="-0.00968506" r7="0" r8="0.823118" r9="0.0170599" r10="-0.567614" r11="0" r12="0" r13="0" r14="0" r15="1" id="28" color_r="0.541176" color_g="0.533333" color_b="0.521569" type_file="Data/Objects/Environment/Rocks/strata_rocks/strata_rock_pillar.xml">
            <parameters />
        </EnvObject>
        <EnvObject t0="310.713" t1="-4.31062" t2="-208.972" s0="3.80673" s1="3.80673" s2="3.80673" r0="-0.871492" r1="0" r2="0.490409" r3="0" r4="0" r5="1" r6="0" r7="0" r8="-0.490409" r9="0" r10="-0.871492" r11="0" r12="0" r13="0" r14="0" r15="1" id="29" color_r="0.541176" color_g="0.533333" color_b="0.521569" type_file="Data/Objects/Environment/Rocks/strata_rocks/strata_rock_pillar.xml">
            <parameters />
        </EnvObject>
        <EnvObject t0="324.372" t1="-2.60403" t2="-206.496" s0="3.2676" s1="3.2676" s2="3.2676" r0="0.567697" r1="0" r2="0.823238" r3="0" r4="-0" r5="1" r6="0" r7="0" r8="-0.823238" r9="-0" r10="0.567697" r11="0" r12="0" r13="0" r14="0" r15="1" id="30" color_r="0.541176" color_g="0.533333" color_b="0.521569" type_file="Data/Objects/Environment/Rocks/strata_rocks/strata_rock_pillar.xml">
            <parameters />
        </EnvObject>
        <EnvObject t0="322.001" t1="-9.62681" t2="-210.005" s0="3.2676" s1="3.2676" s2="3.2676" r0="-0.871492" r1="0" r2="0.490409" r3="0" r4="0" r5="1" r6="0" r7="0" r8="-0.490409" r9="0" r10="-0.871492" r11="0" r12="0" r13="0" r14="0" r15="1" id="31" color_r="0.541176" color_g="0.533333" color_b="0.521569" type_file="Data/Objects/Environment/Rocks/strata_rocks/strata_rock_pillar.xml">
            <parameters />
        </EnvObject>
    </Group>
    <Group t0="198.448" t1="-10.4664" t2="-315.597" s0="1.37332" s1="1.37332" s2="1.37332" r0="-0.692305" r1="0" r2="0.721605" r3="0" r4="0" r5="1" r6="0" r7="0" r8="-0.721605" r9="0" r10="-0.692305" r11="0" r12="0" r13="0" r14="0" r15="1" id="5" d0="22.7547" d1="30.1431" d2="21.9735" uses_imposter="0">
        <parameters />
        <EnvObject t0="193.623" t1="-9.89885" t2="-315.387" s0="4.54721" s1="4.54721" s2="4.54721" r0="-0.692305" r1="1.71829e-007" r2="0.721605" r3="0" r4="0.0123101" r5="-0.999855" r6="0.0118105" r7="0" r8="0.7215" r9="0.0170595" r10="0.692204" r11="0" r12="0" r13="0" r14="0" r15="1" id="32" color_r="0.541176" color_g="0.533333" color_b="0.521569" type_file="Data/Objects/Environment/Rocks/strata_rocks/strata_rock_pillar.xml">
            <parameters />
        </EnvObject>
        <EnvObject t0="199.502" t1="-11.5104" t2="-322.713" s0="3.80673" s1="3.80673" s2="3.80673" r0="-0.655597" r1="0" r2="-0.755111" r3="0" r4="0" r5="1" r6="0" r7="0" r8="0.755111" r9="0" r10="-0.655597" r11="0" r12="0" r13="0" r14="0" r15="1" id="33" color_r="0.541176" color_g="0.533333" color_b="0.521569" type_file="Data/Objects/Environment/Rocks/strata_rocks/strata_rock_pillar.xml">
            <parameters />
        </EnvObject>
        <EnvObject t0="199.823" t1="-9.8038" t2="-308.836" s0="3.2676" s1="3.2676" s2="3.2676" r0="-0.692305" r1="0" r2="0.721605" r3="0" r4="0" r5="1" r6="0" r7="0" r8="-0.721605" r9="0" r10="-0.692305" r11="0" r12="0" r13="0" r14="0" r15="1" id="34" color_r="0.541176" color_g="0.533333" color_b="0.521569" type_file="Data/Objects/Environment/Rocks/strata_rocks/strata_rock_pillar.xml">
            <parameters />
        </EnvObject>
        <EnvObject t0="202.783" t1="-16.8266" t2="-311.864" s0="3.2676" s1="3.2676" s2="3.2676" r0="-0.655597" r1="0" r2="-0.755111" r3="0" r4="0" r5="1" r6="0" r7="0" r8="0.755111" r9="0" r10="-0.655597" r11="0" r12="0" r13="0" r14="0" r15="1" id="35" color_r="0.541176" color_g="0.533333" color_b="0.521569" type_file="Data/Objects/Environment/Rocks/strata_rocks/strata_rock_pillar.xml">
            <parameters />
        </EnvObject>
    </Group>
    <Group t0="193.902" t1="-1.82442" t2="-337.624" s0="1.97055" s1="1.97055" s2="1.97055" r0="0.293545" r1="0" r2="-0.955945" r3="0" r4="0" r5="1" r6="0" r7="0" r8="0.955945" r9="0" r10="0.293545" r11="0" r12="0" r13="0" r14="0" r15="1" id="6" d0="22.7547" d1="30.1431" d2="21.9735" uses_imposter="0">
        <parameters />
        <EnvObject t0="199.949" t1="-1.01008" t2="-341.009" s0="6.52471" s1="6.52471" s2="6.52471" r0="0.293545" r1="1.53668e-007" r2="-0.955945" r3="0" r4="-0.0163083" r5="-0.999854" r6="-0.005008" r7="0" r8="-0.955806" r9="0.0170599" r10="-0.293502" r11="0" r12="0" r13="0" r14="0" r15="1" id="36" color_r="0.541176" color_g="0.533333" color_b="0.521569" type_file="Data/Objects/Environment/Rocks/strata_rocks/strata_rock_pillar.xml">
            <parameters />
        </EnvObject>
        <EnvObject t0="197.146" t1="-3.32245" t2="-327.825" s0="5.4622" s1="5.4622" s2="5.4622" r0="0.925259" r1="0" r2="0.379336" r3="0" r4="-0" r5="1" r6="0" r7="0" r8="-0.379336" r9="-0" r10="0.925259" r11="0" r12="0" r13="0" r14="0" r15="1" id="37" color_r="0.541176" color_g="0.533333" color_b="0.521569" type_file="Data/Objects/Environment/Rocks/strata_rocks/strata_rock_pillar.xml">
            <parameters />
        </EnvObject>
        <EnvObject t0="187.774" t1="-0.873695" t2="-345.401" s0="4.68862" s1="4.68862" s2="4.68862" r0="0.293545" r1="0" r2="-0.955945" r3="0" r4="0" r5="1" r6="0" r7="0" r8="0.955945" r9="0" r10="0.293545" r11="0" r12="0" r13="0" r14="0" r15="1" id="38" color_r="0.541176" color_g="0.533333" color_b="0.521569" type_file="Data/Objects/Environment/Rocks/strata_rocks/strata_rock_pillar.xml">
            <parameters />
        </EnvObject>
        <EnvObject t0="185.936" t1="-10.9506" t2="-339.609" s0="4.68862" s1="4.68862" s2="4.68862" r0="0.925259" r1="0" r2="0.379336" r3="0" r4="-0" r5="1" r6="0" r7="0" r8="-0.379336" r9="-0" r10="0.925259" r11="0" r12="0" r13="0" r14="0" r15="1" id="39" color_r="0.541176" color_g="0.533333" color_b="0.521569" type_file="Data/Objects/Environment/Rocks/strata_rocks/strata_rock_pillar.xml">
            <parameters />
        </EnvObject>
    </Group>
    <Group t0="388.072" t1="20.0291" t2="-57.1141" s0="1.13728" s1="1.13728" s2="1.13728" r0="0.999613" r1="0" r2="-0.027819" r3="0" r4="0" r5="1" r6="0" r7="0" r8="0.027819" r9="0" r10="0.999613" r11="0" r12="0" r13="0" r14="0" r15="1" id="7" d0="22.7547" d1="30.1431" d2="21.9735" uses_imposter="0">
        <parameters />
        <EnvObject t0="391.04" t1="20.4991" t2="-54.4328" s0="3.76566" s1="3.76566" s2="3.76566" r0="0.999613" r1="-2.05866e-007" r2="-0.027819" r3="0" r4="-0.000474793" r5="-0.999854" r6="-0.0170532" r7="0" r8="-0.027815" r9="0.0170598" r10="-0.999467" r11="0" r12="0" r13="0" r14="0" r15="1" id="46" color_r="0.541176" color_g="0.533333" color_b="0.521569" type_file="Data/Objects/Environment/Rocks/strata_rocks/strata_rock_pillar.xml">
            <parameters />
        </EnvObject>
        <EnvObject t0="383.313" t1="19.1645" t2="-53.5303" s0="3.15244" s1="3.15244" s2="3.15244" r0="-0.0632837" r1="0" r2="0.997996" r3="0" r4="-0" r5="1" r6="0" r7="0" r8="-0.997996" r9="-0" r10="-0.0632837" r11="0" r12="0" r13="0" r14="0" r15="1" id="47" color_r="0.541176" color_g="0.533333" color_b="0.521569" type_file="Data/Objects/Environment/Rocks/strata_rocks/strata_rock_pillar.xml">
            <parameters />
        </EnvObject>
        <EnvObject t0="391.193" t1="20.5778" t2="-61.9006" s0="2.70598" s1="2.70598" s2="2.70598" r0="0.999613" r1="0" r2="-0.027819" r3="0" r4="0" r5="1" r6="0" r7="0" r8="0.027819" r9="0" r10="0.999613" r11="0" r12="0" r13="0" r14="0" r15="1" id="48" color_r="0.541176" color_g="0.533333" color_b="0.521569" type_file="Data/Objects/Environment/Rocks/strata_rocks/strata_rock_pillar.xml">
            <parameters />
        </EnvObject>
        <EnvObject t0="387.687" t1="14.7621" t2="-61.836" s0="2.70598" s1="2.70598" s2="2.70598" r0="-0.0632837" r1="0" r2="0.997996" r3="0" r4="-0" r5="1" r6="0" r7="0" r8="-0.997996" r9="-0" r10="-0.0632837" r11="0" r12="0" r13="0" r14="0" r15="1" id="49" color_r="0.541176" color_g="0.533333" color_b="0.521569" type_file="Data/Objects/Environment/Rocks/strata_rocks/strata_rock_pillar.xml">
            <parameters />
        </EnvObject>
    </Group>
    <Group t0="382.559" t1="16.3877" t2="-41.5815" s0="1.13728" s1="1.13728" s2="1.13728" r0="-0.869915" r1="0" r2="-0.493202" r3="0" r4="0" r5="1" r6="0" r7="0" r8="0.493202" r9="0" r10="-0.869915" r11="0" r12="0" r13="0" r14="0" r15="1" id="8" d0="22.7547" d1="30.1431" d2="21.9735" uses_imposter="0">
        <parameters />
        <EnvObject t0="381.406" t1="16.8577" t2="-45.4111" s0="3.76566" s1="3.76566" s2="3.76566" r0="-0.869915" r1="8.19564e-008" r2="-0.493202" r3="0" r4="-0.00841391" r5="-0.999854" r6="0.0148404" r7="0" r8="-0.49313" r9="0.0170596" r10="0.869788" r11="0" r12="0" r13="0" r14="0" r15="1" id="50" color_r="0.541176" color_g="0.533333" color_b="0.521569" type_file="Data/Objects/Environment/Rocks/strata_rocks/strata_rock_pillar.xml">
            <parameters />
        </EnvObject>
        <EnvObject t0="388.486" t1="15.5231" t2="-42.1873" s0="3.15244" s1="3.15244" s2="3.15244" r0="0.570334" r1="0" r2="-0.821413" r3="0" r4="0" r5="1" r6="0" r7="0" r8="0.821413" r9="0" r10="0.570334" r11="0" r12="0" r13="0" r14="0" r15="1" id="51" color_r="0.541176" color_g="0.533333" color_b="0.521569" type_file="Data/Objects/Environment/Rocks/strata_rocks/strata_rock_pillar.xml">
            <parameters />
        </EnvObject>
        <EnvObject t0="377.413" t1="16.9364" t2="-39.0988" s0="2.70598" s1="2.70598" s2="2.70598" r0="-0.869915" r1="0" r2="-0.493202" r3="0" r4="0" r5="1" r6="0" r7="0" r8="0.493202" r9="0" r10="-0.869915" r11="0" r12="0" r13="0" r14="0" r15="1" id="52" color_r="0.541176" color_g="0.533333" color_b="0.521569" type_file="Data/Objects/Environment/Rocks/strata_rocks/strata_rock_pillar.xml">
            <parameters />
        </EnvObject>
        <EnvObject t0="380.447" t1="11.1207" t2="-37.3409" s0="2.70598" s1="2.70598" s2="2.70598" r0="0.570334" r1="0" r2="-0.821413" r3="0" r4="0" r5="1" r6="0" r7="0" r8="0.821413" r9="0" r10="0.570334" r11="0" r12="0" r13="0" r14="0" r15="1" id="53" color_r="0.541176" color_g="0.533333" color_b="0.521569" type_file="Data/Objects/Environment/Rocks/strata_rocks/strata_rock_pillar.xml">
            <parameters />
        </EnvObject>
    </Group>
    <Group t0="378.958" t1="6.3808" t2="-202.864" s0="2.06302" s1="2.06302" s2="2.06302" r0="-0.352823" r1="0" r2="0.93569" r3="0" r4="-0" r5="1" r6="0" r7="0" r8="-0.93569" r9="-0" r10="-0.352823" r11="0" r12="0" r13="0" r14="0" r15="1" id="10" d0="22.7547" d1="30.1431" d2="21.9735" uses_imposter="0">
        <parameters />
        <EnvObject t0="372.417" t1="7.23335" t2="-199.724" s0="6.83089" s1="6.83089" s2="6.83089" r0="-0.352823" r1="3.11993e-007" r2="0.93569" r3="0" r4="0.0159624" r5="-0.999854" r6="0.00601931" r7="0" r8="0.935554" r9="0.0170596" r10="0.352772" r11="0" r12="0" r13="0" r14="0" r15="1" id="66" color_r="0.541176" color_g="0.533333" color_b="0.521569" type_file="Data/Objects/Environment/Rocks/strata_rocks/strata_rock_pillar.xml">
            <parameters />
        </EnvObject>
        <EnvObject t0="376.21" t1="4.81247" t2="-213.316" s0="5.71852" s1="5.71852" s2="5.71852" r0="-0.899693" r1="0" r2="-0.436524" r3="0" r4="0" r5="1" r6="0" r7="0" r8="0.436524" r9="0" r10="-0.899693" r11="0" r12="0" r13="0" r14="0" r15="1" id="67" color_r="0.541176" color_g="0.533333" color_b="0.521569" type_file="Data/Objects/Environment/Rocks/strata_rocks/strata_rock_pillar.xml">
            <parameters />
        </EnvObject>
        <EnvObject t0="384.85" t1="7.37613" t2="-194.337" s0="4.90864" s1="4.90864" s2="4.90864" r0="-0.352823" r1="0" r2="0.93569" r3="0" r4="-0" r5="1" r6="0" r7="0" r8="-0.93569" r9="-0" r10="-0.352823" r11="0" r12="0" r13="0" r14="0" r15="1" id="68" color_r="0.541176" color_g="0.533333" color_b="0.521569" type_file="Data/Objects/Environment/Rocks/strata_rocks/strata_rock_pillar.xml">
            <parameters />
        </EnvObject>
        <EnvObject t0="387.15" t1="-3.17358" t2="-200.267" s0="4.90864" s1="4.90864" s2="4.90864" r0="-0.899693" r1="0" r2="-0.436524" r3="0" r4="0" r5="1" r6="0" r7="0" r8="0.436524" r9="0" r10="-0.899693" r11="0" r12="0" r13="0" r14="0" r15="1" id="69" color_r="0.541176" color_g="0.533333" color_b="0.521569" type_file="Data/Objects/Environment/Rocks/strata_rocks/strata_rock_pillar.xml">
            <parameters />
        </EnvObject>
    </Group>
    <Group t0="394.037" t1="9.70509" t2="-214.772" s0="1.37332" s1="1.37332" s2="1.37332" r0="0.567697" r1="0" r2="0.823238" r3="0" r4="-0" r5="1" r6="0" r7="0" r8="-0.823238" r9="-0" r10="0.567697" r11="0" r12="0" r13="0" r14="0" r15="1" id="11" d0="22.7547" d1="30.1431" d2="21.9735" uses_imposter="0">
        <parameters />
        <EnvObject t0="393.273" t1="10.2726" t2="-210.003" s0="4.54721" s1="4.54721" s2="4.54721" r0="0.567697" r1="-2.62167e-007" r2="0.823238" r3="0" r4="0.0140442" r5="-0.999855" r6="-0.00968506" r7="0" r8="0.823118" r9="0.0170599" r10="-0.567614" r11="0" r12="0" r13="0" r14="0" r15="1" id="70" color_r="0.541176" color_g="0.533333" color_b="0.521569" type_file="Data/Objects/Environment/Rocks/strata_rocks/strata_rock_pillar.xml">
            <parameters />
        </EnvObject>
        <EnvObject t0="387.278" t1="8.66108" t2="-217.235" s0="3.80673" s1="3.80673" s2="3.80673" r0="-0.871492" r1="0" r2="0.490409" r3="0" r4="0" r5="1" r6="0" r7="0" r8="-0.490409" r9="0" r10="-0.871492" r11="0" r12="0" r13="0" r14="0" r15="1" id="71" color_r="0.541176" color_g="0.533333" color_b="0.521569" type_file="Data/Objects/Environment/Rocks/strata_rocks/strata_rock_pillar.xml">
            <parameters />
        </EnvObject>
        <EnvObject t0="400.937" t1="10.3677" t2="-214.759" s0="3.2676" s1="3.2676" s2="3.2676" r0="0.567697" r1="0" r2="0.823238" r3="0" r4="-0" r5="1" r6="0" r7="0" r8="-0.823238" r9="-0" r10="0.567697" r11="0" r12="0" r13="0" r14="0" r15="1" id="72" color_r="0.541176" color_g="0.533333" color_b="0.521569" type_file="Data/Objects/Environment/Rocks/strata_rocks/strata_rock_pillar.xml">
            <parameters />
        </EnvObject>
        <EnvObject t0="398.566" t1="3.34489" t2="-218.268" s0="3.2676" s1="3.2676" s2="3.2676" r0="-0.871492" r1="0" r2="0.490409" r3="0" r4="0" r5="1" r6="0" r7="0" r8="-0.490409" r9="0" r10="-0.871492" r11="0" r12="0" r13="0" r14="0" r15="1" id="73" color_r="0.541176" color_g="0.533333" color_b="0.521569" type_file="Data/Objects/Environment/Rocks/strata_rocks/strata_rock_pillar.xml">
            <parameters />
        </EnvObject>
    </Group>
    <Group t0="268.444" t1="-38.7496" t2="-108.207" s0="1.06255" s1="1.06255" s2="1.06255" r0="-0.287076" r1="0" r2="0.957908" r3="0" r4="-0" r5="1" r6="0" r7="0" r8="-0.957908" r9="-0" r10="-0.287076" r11="0" r12="0" r13="0" r14="0" r15="1" id="1" d0="22.7547" d1="30.1431" d2="21.9735" uses_imposter="0">
        <parameters />
        <EnvObject t0="265.196" t1="-38.3105" t2="-106.36" s0="3.51823" s1="3.51823" s2="3.51823" r0="-0.287077" r1="-9.5088e-007" r2="0.957908" r3="0" r4="0.0163423" r5="-0.999855" r6="0.00489665" r7="0" r8="0.957768" r9="0.0170601" r10="0.287035" r11="0" r12="0" r13="0" r14="0" r15="1" id="123" color_r="0.541176" color_g="0.533333" color_b="0.521569" type_file="Data/Objects/Environment/Rocks/strata_rocks/strata_rock_pillar.xml">
            <parameters />
        </EnvObject>
        <EnvObject t0="266.659" t1="-39.5574" t2="-113.479" s0="2.94531" s1="2.94531" s2="2.94531" r0="-0.927802" r1="0" r2="-0.373073" r3="0" r4="0" r5="1" r6="0" r7="0" r8="0.373073" r9="0" r10="-0.927802" r11="0" r12="0" r13="0" r14="0" r15="1" id="124" color_r="0.541176" color_g="0.533333" color_b="0.521569" type_file="Data/Objects/Environment/Rocks/strata_rocks/strata_rock_pillar.xml">
            <parameters />
        </EnvObject>
        <EnvObject t0="271.776" t1="-38.2369" t2="-104.036" s0="2.52818" s1="2.52818" s2="2.52818" r0="-0.287078" r1="0" r2="0.957907" r3="0" r4="-0" r5="1" r6="0" r7="0" r8="-0.957907" r9="-0" r10="-0.287078" r11="0" r12="0" r13="0" r14="0" r15="1" id="125" color_r="0.541176" color_g="0.533333" color_b="0.521569" type_file="Data/Objects/Environment/Rocks/strata_rocks/strata_rock_pillar.xml">
            <parameters />
        </EnvObject>
        <EnvObject t0="272.746" t1="-43.6706" t2="-107.165" s0="2.52818" s1="2.52818" s2="2.52818" r0="-0.927802" r1="0" r2="-0.373073" r3="0" r4="0" r5="1" r6="0" r7="0" r8="0.373073" r9="0" r10="-0.927802" r11="0" r12="0" r13="0" r14="0" r15="1" id="126" color_r="0.541176" color_g="0.533333" color_b="0.521569" type_file="Data/Objects/Environment/Rocks/strata_rocks/strata_rock_pillar.xml">
            <parameters />
        </EnvObject>
    </Group>
    <Group t0="241.953" t1="-19.7844" t2="-106.433" s0="1.53009" s1="1.53009" s2="1.53009" r0="0.628441" r1="0" r2="-0.777857" r3="0" r4="0" r5="1" r6="0" r7="0" r8="0.777857" r9="0" r10="0.628441" r11="0" r12="0" r13="0" r14="0" r15="1" id="12" d0="22.7547" d1="30.1431" d2="21.9735" uses_imposter="0">
        <parameters />
        <EnvObject t0="247.29" t1="-19.152" t2="-107.124" s0="5.06631" s1="5.06631" s2="5.06631" r0="0.628441" r1="9.22009e-008" r2="-0.777857" r3="0" r4="-0.0132701" r5="-0.999854" r6="-0.0107212" r7="0" r8="-0.777744" r9="0.0170599" r10="-0.62835" r11="0" r12="0" r13="0" r14="0" r15="1" id="127" color_r="0.541176" color_g="0.533333" color_b="0.521569" type_file="Data/Objects/Environment/Rocks/strata_rocks/strata_rock_pillar.xml">
            <parameters />
        </EnvObject>
        <EnvObject t0="241.457" t1="-20.9476" t2="-98.4335" s0="4.24129" s1="4.24129" s2="4.24129" r0="0.717428" r1="0" r2="0.696633" r3="0" r4="-0" r5="1" r6="0" r7="0" r8="-0.696633" r9="-0" r10="0.717428" r11="0" r12="0" r13="0" r14="0" r15="1" id="128" color_r="0.541176" color_g="0.533333" color_b="0.521569" type_file="Data/Objects/Environment/Rocks/strata_rocks/strata_rock_pillar.xml">
            <parameters />
        </EnvObject>
        <EnvObject t0="239.787" t1="-19.0461" t2="-113.809" s0="3.64062" s1="3.64062" s2="3.64062" r0="0.628441" r1="0" r2="-0.777857" r3="0" r4="0" r5="1" r6="0" r7="0" r8="0.777857" r9="0" r10="0.628441" r11="0" r12="0" r13="0" r14="0" r15="1" id="129" color_r="0.541176" color_g="0.533333" color_b="0.521569" type_file="Data/Objects/Environment/Rocks/strata_rocks/strata_rock_pillar.xml">
            <parameters />
        </EnvObject>
        <EnvObject t0="236.788" t1="-26.8706" t2="-110.168" s0="3.64062" s1="3.64062" s2="3.64062" r0="0.717428" r1="0" r2="0.696633" r3="0" r4="-0" r5="1" r6="0" r7="0" r8="-0.696633" r9="-0" r10="0.717428" r11="0" r12="0" r13="0" r14="0" r15="1" id="130" color_r="0.541176" color_g="0.533333" color_b="0.521569" type_file="Data/Objects/Environment/Rocks/strata_rocks/strata_rock_pillar.xml">
            <parameters />
        </EnvObject>
    </Group>
    <Group t0="248.352" t1="-22.4234" t2="-88.8072" s0="1.06255" s1="1.06255" s2="1.06255" r0="-0.996359" r1="0" r2="-0.085262" r3="0" r4="0" r5="1" r6="0" r7="0" r8="0.085262" r9="0" r10="-0.996359" r11="0" r12="0" r13="0" r14="0" r15="1" id="13" d0="22.7547" d1="30.1431" d2="21.9735" uses_imposter="0">
        <parameters />
        <EnvObject t0="245.88" t1="-21.9843" t2="-91.6094" s0="3.51823" s1="3.51823" s2="3.51823" r0="-0.996359" r1="-7.67119e-007" r2="-0.0852617" r3="0" r4="-0.00145376" r5="-0.999855" r6="0.0169975" r7="0" r8="-0.0852493" r9="0.0170595" r10="0.996214" r11="0" r12="0" r13="0" r14="0" r15="1" id="131" color_r="0.541176" color_g="0.533333" color_b="0.521569" type_file="Data/Objects/Environment/Rocks/strata_rocks/strata_rock_pillar.xml">
            <parameters />
        </EnvObject>
        <EnvObject t0="253.148" t1="-23.2312" t2="-91.632" s0="2.94531" s1="2.94531" s2="2.94531" r0="0.175596" r1="0" r2="-0.984462" r3="0" r4="0" r5="1" r6="0" r7="0" r8="0.984462" r9="0" r10="0.175596" r11="0" r12="0" r13="0" r14="0" r15="1" id="132" color_r="0.541176" color_g="0.533333" color_b="0.521569" type_file="Data/Objects/Environment/Rocks/strata_rocks/strata_rock_pillar.xml">
            <parameters />
        </EnvObject>
        <EnvObject t0="244.95" t1="-21.9108" t2="-84.6931" s0="2.52818" s1="2.52818" s2="2.52818" r0="-0.996359" r1="0" r2="-0.085262" r3="0" r4="0" r5="1" r6="0" r7="0" r8="0.085262" r9="0" r10="-0.996359" r11="0" r12="0" r13="0" r14="0" r15="1" id="133" color_r="0.541176" color_g="0.533333" color_b="0.521569" type_file="Data/Objects/Environment/Rocks/strata_rocks/strata_rock_pillar.xml">
            <parameters />
        </EnvObject>
        <EnvObject t0="248.211" t1="-27.3444" t2="-84.3831" s0="2.52818" s1="2.52818" s2="2.52818" r0="0.175596" r1="0" r2="-0.984462" r3="0" r4="0" r5="1" r6="0" r7="0" r8="0.984462" r9="0" r10="0.175596" r11="0" r12="0" r13="0" r14="0" r15="1" id="134" color_r="0.541176" color_g="0.533333" color_b="0.521569" type_file="Data/Objects/Environment/Rocks/strata_rocks/strata_rock_pillar.xml">
            <parameters />
        </EnvObject>
    </Group>
    <Group t0="242.76" t1="-36.3278" t2="-128.271" s0="1.04612" s1="1.04612" s2="1.04612" r0="0.581769" r1="0" r2="0.813354" r3="0" r4="-0" r5="1" r6="0" r7="0" r8="-0.813354" r9="-0" r10="0.581769" r11="0" r12="0" r13="0" r14="0" r15="1" id="16" d0="22.7547" d1="30.1431" d2="21.9735" uses_imposter="0">
        <parameters />
        <EnvObject t0="242.24" t1="-35.8955" t2="-124.629" s0="3.46382" s1="3.46382" s2="3.46382" r0="0.58177" r1="5.59259e-007" r2="0.813354" r3="0" r4="0.0138754" r5="-0.999855" r6="-0.00992401" r7="0" r8="0.813235" r9="0.0170591" r10="-0.581685" r11="0" r12="0" r13="0" r14="0" r15="1" id="143" color_r="0.541176" color_g="0.533333" color_b="0.521569" type_file="Data/Objects/Environment/Rocks/strata_rocks/strata_rock_pillar.xml">
            <parameters />
        </EnvObject>
        <EnvObject t0="237.579" t1="-37.123" t2="-130.059" s0="2.89976" s1="2.89976" s2="2.89976" r0="-0.86293" r1="0" r2="0.505324" r3="0" r4="0" r5="1" r6="0" r7="0" r8="-0.505324" r9="0" r10="-0.86293" r11="0" r12="0" r13="0" r14="0" r15="1" id="144" color_r="0.541176" color_g="0.533333" color_b="0.521569" type_file="Data/Objects/Environment/Rocks/strata_rocks/strata_rock_pillar.xml">
            <parameters />
        </EnvObject>
        <EnvObject t0="248.015" t1="-35.8231" t2="-128.352" s0="2.48908" s1="2.48908" s2="2.48908" r0="0.581769" r1="0" r2="0.813354" r3="0" r4="-0" r5="1" r6="0" r7="0" r8="-0.813354" r9="-0" r10="0.581769" r11="0" r12="0" r13="0" r14="0" r15="1" id="145" color_r="0.541176" color_g="0.533333" color_b="0.521569" type_file="Data/Objects/Environment/Rocks/strata_rocks/strata_rock_pillar.xml">
            <parameters />
        </EnvObject>
        <EnvObject t0="246.163" t1="-41.1727" t2="-130.993" s0="2.48908" s1="2.48908" s2="2.48908" r0="-0.86293" r1="0" r2="0.505324" r3="0" r4="0" r5="1" r6="0" r7="0" r8="-0.505324" r9="0" r10="-0.86293" r11="0" r12="0" r13="0" r14="0" r15="1" id="146" color_r="0.541176" color_g="0.533333" color_b="0.521569" type_file="Data/Objects/Environment/Rocks/strata_rocks/strata_rock_pillar.xml">
            <parameters />
        </EnvObject>
    </Group>
    <Group t0="85.5494" t1="-23.4633" t2="-212.91" s0="1.29039" s1="1.29039" s2="1.29039" r0="0.997539" r1="0" r2="0.070108" r3="0" r4="-0" r5="1" r6="0" r7="0" r8="-0.070108" r9="-0" r10="0.997539" r11="0" r12="0" r13="0" r14="0" r15="1" id="17" d0="22.7547" d1="30.1431" d2="21.9735" uses_imposter="0">
        <parameters />
        <EnvObject t0="88.6024" t1="-22.93" t2="-209.553" s0="4.27264" s1="4.27264" s2="4.27264" r0="0.997539" r1="8.3819e-009" r2="0.0701086" r3="0" r4="0.00119599" r5="-0.999855" r6="-0.017017" r7="0" r8="0.0700984" r9="0.017059" r10="-0.997394" r11="0" r12="0" r13="0" r14="0" r15="1" id="147" color_r="0.541176" color_g="0.533333" color_b="0.521569" type_file="Data/Objects/Environment/Rocks/strata_rocks/strata_rock_pillar.xml">
            <parameters />
        </EnvObject>
        <EnvObject t0="79.7779" t1="-24.4442" t2="-209.391" s0="3.57686" s1="3.57686" s2="3.57686" r0="-0.160614" r1="0" r2="0.987017" r3="0" r4="-0" r5="1" r6="0" r7="0" r8="-0.987017" r9="-0" r10="-0.160614" r11="0" r12="0" r13="0" r14="0" r15="1" id="148" color_r="0.541176" color_g="0.533333" color_b="0.521569" type_file="Data/Objects/Environment/Rocks/strata_rocks/strata_rock_pillar.xml">
            <parameters />
        </EnvObject>
        <EnvObject t0="89.6043" t1="-22.8407" t2="-217.968" s0="3.0703" s1="3.0703" s2="3.0703" r0="0.997539" r1="0" r2="0.070108" r3="0" r4="-0" r5="1" r6="0" r7="0" r8="-0.070108" r9="-0" r10="0.997539" r11="0" r12="0" r13="0" r14="0" r15="1" id="149" color_r="0.541176" color_g="0.533333" color_b="0.521569" type_file="Data/Objects/Environment/Rocks/strata_rocks/strata_rock_pillar.xml">
            <parameters />
        </EnvObject>
        <EnvObject t0="85.6383" t1="-29.4395" t2="-218.284" s0="3.0703" s1="3.0703" s2="3.0703" r0="-0.160614" r1="0" r2="0.987017" r3="0" r4="-0" r5="1" r6="0" r7="0" r8="-0.987017" r9="-0" r10="-0.160614" r11="0" r12="0" r13="0" r14="0" r15="1" id="150" color_r="0.541176" color_g="0.533333" color_b="0.521569" type_file="Data/Objects/Environment/Rocks/strata_rocks/strata_rock_pillar.xml">
            <parameters />
        </EnvObject>
    </Group>
    <Group t0="-178.693" t1="6.17636" t2="-216.336" s0="2.09045" s1="2.09045" s2="2.09045" r0="0.0438722" r1="0" r2="-0.999037" r3="0" r4="0" r5="1" r6="0" r7="0" r8="0.999037" r9="0" r10="0.0438722" r11="0" r12="0" r13="0" r14="0" r15="1" id="18" d0="22.7547" d1="30.1431" d2="21.9735" uses_imposter="0">
        <parameters />
        <EnvObject t0="-173.386" t1="7.04024" t2="-221.424" s0="6.92172" s1="6.92172" s2="6.92172" r0="0.043873" r1="-4.4331e-007" r2="-0.999037" r3="0" r4="-0.0170426" r5="-0.999854" r6="-0.000747983" r7="0" r8="-0.998892" r9="0.017059" r10="-0.0438663" r11="0" r12="0" r13="0" r14="0" r15="1" id="151" color_r="0.541176" color_g="0.533333" color_b="0.521569" type_file="Data/Objects/Environment/Rocks/strata_rocks/strata_rock_pillar.xml">
            <parameters />
        </EnvObject>
        <EnvObject t0="-172.749" t1="4.58717" t2="-207.139" s0="5.79456" s1="5.79456" s2="5.79456" r0="0.990897" r1="0" r2="0.134621" r3="0" r4="-0" r5="1" r6="0" r7="0" r8="-0.134621" r9="-0" r10="0.990897" r11="0" r12="0" r13="0" r14="0" r15="1" id="152" color_r="0.541176" color_g="0.533333" color_b="0.521569" type_file="Data/Objects/Environment/Rocks/strata_rocks/strata_rock_pillar.xml">
            <parameters />
        </EnvObject>
        <EnvObject t0="-187.057" t1="7.18492" t2="-222.688" s0="4.97391" s1="4.97391" s2="4.97391" r0="0.0438713" r1="0" r2="-0.999037" r3="0" r4="0" r5="1" r6="0" r7="0" r8="0.999037" r9="0" r10="0.0438713" r11="0" r12="0" r13="0" r14="0" r15="1" id="153" color_r="0.541176" color_g="0.533333" color_b="0.521569" type_file="Data/Objects/Environment/Rocks/strata_rocks/strata_rock_pillar.xml">
            <parameters />
        </EnvObject>
        <EnvObject t0="-187.4" t1="-3.50508" t2="-216.252" s0="4.97391" s1="4.97391" s2="4.97391" r0="0.990897" r1="0" r2="0.134621" r3="0" r4="-0" r5="1" r6="0" r7="0" r8="-0.134621" r9="-0" r10="0.990897" r11="0" r12="0" r13="0" r14="0" r15="1" id="154" color_r="0.541176" color_g="0.533333" color_b="0.521569" type_file="Data/Objects/Environment/Rocks/strata_rocks/strata_rock_pillar.xml">
            <parameters />
        </EnvObject>
    </Group>
    <Group t0="-156.865" t1="23.2133" t2="-284.906" s0="1.67734" s1="1.67734" s2="1.67734" r0="0.337201" r1="0" r2="0.941433" r3="0" r4="-0" r5="1" r6="0" r7="0" r8="-0.941433" r9="-0" r10="0.337201" r11="0" r12="0" r13="0" r14="0" r15="1" id="20" d0="22.7547" d1="30.1431" d2="21.9735" uses_imposter="0">
        <parameters />
        <EnvObject t0="-159.263" t1="23.9065" t2="-279.517" s0="5.55388" s1="5.55388" s2="5.55388" r0="0.3372" r1="-1.09617e-006" r2="0.941433" r3="0" r4="0.01606" r5="-0.999854" r6="-0.0057535" r7="0" r8="0.941296" r9="0.0170595" r10="-0.337151" r11="0" r12="0" r13="0" r14="0" r15="1" id="159" color_r="0.541176" color_g="0.533333" color_b="0.521569" type_file="Data/Objects/Environment/Rocks/strata_rocks/strata_rock_pillar.xml">
            <parameters />
        </EnvObject>
        <EnvObject t0="-164.071" t1="21.9382" t2="-289.934" s0="4.64946" s1="4.64946" s2="4.64946" r0="-0.968217" r1="0" r2="0.250113" r3="0" r4="0" r5="1" r6="0" r7="0" r8="-0.250113" r9="0" r10="-0.968217" r11="0" r12="0" r13="0" r14="0" r15="1" id="160" color_r="0.541176" color_g="0.533333" color_b="0.521569" type_file="Data/Objects/Environment/Rocks/strata_rocks/strata_rock_pillar.xml">
            <parameters />
        </EnvObject>
        <EnvObject t0="-148.724" t1="24.0226" t2="-282.727" s0="3.99099" s1="3.99099" s2="3.99099" r0="0.337201" r1="0" r2="0.941433" r3="0" r4="-0" r5="1" r6="0" r7="0" r8="-0.941433" r9="-0" r10="0.337201" r11="0" r12="0" r13="0" r14="0" r15="1" id="161" color_r="0.541176" color_g="0.533333" color_b="0.521569" type_file="Data/Objects/Environment/Rocks/strata_rocks/strata_rock_pillar.xml">
            <parameters />
        </EnvObject>
        <EnvObject t0="-150.422" t1="15.4451" t2="-287.611" s0="3.99099" s1="3.99099" s2="3.99099" r0="-0.968217" r1="0" r2="0.250113" r3="0" r4="0" r5="1" r6="0" r7="0" r8="-0.250113" r9="0" r10="-0.968217" r11="0" r12="0" r13="0" r14="0" r15="1" id="162" color_r="0.541176" color_g="0.533333" color_b="0.521569" type_file="Data/Objects/Environment/Rocks/strata_rocks/strata_rock_pillar.xml">
            <parameters />
        </EnvObject>
    </Group>
    <Group t0="-142.838" t1="13.8237" t2="-257.748" s0="2.09045" s1="2.09045" s2="2.09045" r0="-0.94608" r1="0" r2="0.323933" r3="0" r4="0" r5="1" r6="0" r7="0" r8="-0.323933" r9="0" r10="-0.94608" r11="0" r12="0" r13="0" r14="0" r15="1" id="21" d0="22.7547" d1="30.1431" d2="21.9735" uses_imposter="0">
        <parameters />
        <EnvObject t0="-149.511" t1="14.6875" t2="-260.831" s0="6.92172" s1="6.92172" s2="6.92172" r0="-0.94608" r1="-9.38307e-007" r2="0.323933" r3="0" r4="0.00552705" r5="-0.999855" r6="0.0161394" r7="0" r8="0.323886" r9="0.0170596" r10="0.945942" r11="0" r12="0" r13="0" r14="0" r15="1" id="163" color_r="0.541176" color_g="0.533333" color_b="0.521569" type_file="Data/Objects/Environment/Rocks/strata_rocks/strata_rock_pillar.xml">
            <parameters />
        </EnvObject>
        <EnvObject t0="-136.446" t1="12.2345" t2="-266.64" s0="5.79456" s1="5.79456" s2="5.79456" r0="-0.236477" r1="0" r2="-0.971637" r3="0" r4="0" r5="1" r6="0" r7="0" r8="0.971637" r9="0" r10="-0.236477" r11="0" r12="0" r13="0" r14="0" r15="1" id="164" color_r="0.541176" color_g="0.533333" color_b="0.521569" type_file="Data/Objects/Environment/Rocks/strata_rocks/strata_rock_pillar.xml">
            <parameters />
        </EnvObject>
        <EnvObject t0="-145.697" t1="14.8322" t2="-247.642" s0="4.97391" s1="4.97391" s2="4.97391" r0="-0.94608" r1="0" r2="0.323934" r3="0" r4="0" r5="1" r6="0" r7="0" r8="-0.323934" r9="0" r10="-0.94608" r11="0" r12="0" r13="0" r14="0" r15="1" id="165" color_r="0.541176" color_g="0.533333" color_b="0.521569" type_file="Data/Objects/Environment/Rocks/strata_rocks/strata_rock_pillar.xml">
            <parameters />
        </EnvObject>
        <EnvObject t0="-139.58" t1="4.14223" t2="-249.673" s0="4.97391" s1="4.97391" s2="4.97391" r0="-0.236477" r1="0" r2="-0.971637" r3="0" r4="0" r5="1" r6="0" r7="0" r8="0.971637" r9="0" r10="-0.236477" r11="0" r12="0" r13="0" r14="0" r15="1" id="166" color_r="0.541176" color_g="0.533333" color_b="0.521569" type_file="Data/Objects/Environment/Rocks/strata_rocks/strata_rock_pillar.xml">
            <parameters />
        </EnvObject>
    </Group>
    <Group t0="-241.557" t1="7.87892" t2="-279.461" s0="2.15219" s1="2.15219" s2="2.15219" r0="-0.956646" r1="0" r2="0.291253" r3="0" r4="0" r5="1" r6="0" r7="0" r8="-0.291253" r9="0" r10="-0.956646" r11="0" r12="0" r13="0" r14="0" r15="1" id="50" d0="22.7547" d1="30.1431" d2="21.9735" uses_imposter="0">
        <parameters />
        <EnvObject t0="-248.315" t1="8.76831" t2="-282.869" s0="7.12615" s1="7.12615" s2="7.12615" r0="-0.956646" r1="-7.16653e-007" r2="0.291253" r3="0" r4="0.00496929" r5="-0.999855" r6="0.0163196" r7="0" r8="0.291211" r9="0.0170594" r10="0.956507" r11="0" r12="0" r13="0" r14="0" r15="1" id="267" color_r="0.541176" color_g="0.533333" color_b="0.521569" type_file="Data/Objects/Environment/Rocks/strata_rocks/strata_rock_pillar.xml">
            <parameters />
        </EnvObject>
        <EnvObject t0="-234.666" t1="6.24279" t2="-288.384" s0="5.9657" s1="5.9657" s2="5.9657" r0="-0.202971" r1="0" r2="-0.979185" r3="0" r4="0" r5="1" r6="0" r7="0" r8="0.979185" r9="0" r10="-0.202971" r11="0" r12="0" r13="0" r14="0" r15="1" id="268" color_r="0.541176" color_g="0.533333" color_b="0.521569" type_file="Data/Objects/Environment/Rocks/strata_rocks/strata_rock_pillar.xml">
            <parameters />
        </EnvObject>
        <EnvObject t0="-244.856" t1="8.91727" t2="-269.163" s0="5.12082" s1="5.12082" s2="5.12082" r0="-0.956646" r1="0" r2="0.291254" r3="0" r4="0" r5="1" r6="0" r7="0" r8="-0.291254" r9="0" r10="-0.956646" r11="0" r12="0" r13="0" r14="0" r15="1" id="269" color_r="0.541176" color_g="0.533333" color_b="0.521569" type_file="Data/Objects/Environment/Rocks/strata_rocks/strata_rock_pillar.xml">
            <parameters />
        </EnvObject>
        <EnvObject t0="-238.49" t1="-2.08847" t2="-271.036" s0="5.12082" s1="5.12082" s2="5.12082" r0="-0.202971" r1="0" r2="-0.979185" r3="0" r4="0" r5="1" r6="0" r7="0" r8="0.979185" r9="0" r10="-0.202971" r11="0" r12="0" r13="0" r14="0" r15="1" id="270" color_r="0.541176" color_g="0.533333" color_b="0.521569" type_file="Data/Objects/Environment/Rocks/strata_rocks/strata_rock_pillar.xml">
            <parameters />
        </EnvObject>
    </Group>
    <Group t0="-276.333" t1="5.20139" t2="-276.149" s0="2.79042" s1="2.79042" s2="2.79042" r0="0.750286" r1="0" r2="-0.661113" r3="0" r4="0" r5="1" r6="0" r7="0" r8="0.661113" r9="0" r10="0.750286" r11="0" r12="0" r13="0" r14="0" r15="1" id="51" d0="22.7547" d1="30.1431" d2="21.9735" uses_imposter="0">
        <parameters />
