<?xml version="2.0" ?>
<Type>saved</Type>
<Name></Name>
<Description></Description>
<Shader>post</Shader>
<Terrain>
    <Heightmap>Data/Textures/Terrain/red_hills/red_hills_hm.png</Heightmap>
    <DetailMap></DetailMap>
    <ColorMap>Data/Textures/Terrain/red_hills/red_hills_c.tga</ColorMap>
    <DetailMaps>
        <DetailMap colorpath="Data/Textures/Terrain/DetailTextures/red_pebbles_rocks.tga" normalpath="Data/Textures/Terrain/DetailTextures/red_pebbles_rocks_normal.tga" materialpath="Data/Materials/gravel.xml" />
        <DetailMap colorpath="Data/Textures/Terrain/DetailTextures/dirt.tga" normalpath="Data/Textures/Terrain/DetailTextures/dirt_normal.png" materialpath="Data/Materials/dirt.xml" />
        <DetailMap colorpath="Data/Textures/Terrain/DetailTextures/red_pebbles.tga" normalpath="Data/Textures/Terrain/DetailTextures/red_pebbles_normal.tga" materialpath="Data/Materials/gravel.xml" />
        <DetailMap colorpath="Data/Textures/Terrain/DetailTextures/red_dirt.tga" normalpath="Data/Textures/Terrain/DetailTextures/red_dirt_normal.tga" materialpath="Data/Materials/dirt.xml" />
    </DetailMaps>
    <DetailObjects />
</Terrain>
<OutOfDate Shadow="true" AO="true" NavMesh="true" />
<SpawnPoints>
    <SpawnPoint t0="0" t1="200" t2="0" s0="1" s1="1" s2="1" r0="1" r1="0" r2="0" r3="0" r4="0" r5="1" r6="0" r7="0" r8="0" r9="0" r10="1" r11="0" r12="0" r13="0" r14="0" r15="1" />
</SpawnPoints>
<AmbientSounds />
<Script></Script>
<LevelScriptParameters>
    <parameter name="Achievements" type="string" val="flawless, no_injuries, no_kills" />
    <parameter name="Level Boundaries" type="int" val="1" />
    <parameter name="Objectives" type="string" val="destroy_all" />
</LevelScriptParameters>
<Sky>
    <DomeTexture>Data/Textures/skies/blue3.tga</DomeTexture>
    <SunAngularRad>0.112145</SunAngularRad>
    <SunColorAngle>6.8534</SunColorAngle>
    <RayToSun r0="-0.018092" r1="0.749923" r2="0.661278" />
    <ExtraAO>0</ExtraAO>
    <SkyRotation>0</SkyRotation>
</Sky>
<ActorObjects>
    <EnvObject t0="108.105" t1="-12.6045" t2="-42.5655" s0="1" s1="1" s2="1" r0="0.183159" r1="0" r2="-0.983083" r3="0" r4="0" r5="-1" r6="0" r7="0" r8="-0.983083" r9="-0" r10="-0.183159" r11="0" r12="0" r13="0" r14="0" r15="1" id="2" color_r="0.611765" color_g="0.058824" color_b="0.058824" type_file="Data/Objects/Crete/hex_crete_half_slope.xml">
        <parameters />
    </EnvObject>
    <EnvObject t0="-113.784" t1="-12.7605" t2="71.1553" s0="1.53066" s1="1.53066" s2="1.53066" r0="1" r1="-0.000433986" r2="7.60794e-005" r3="0" r4="-0.000434014" r5="-1" r6="0.000365983" r7="0" r8="7.59206e-005" r9="-0.000366016" r10="-1" r11="0" r12="0" r13="0" r14="0" r15="1" id="4" color_r="0.611765" color_g="0.058824" color_b="0.058824" type_file="Data/Objects/Crete/hex_crete_tall.xml">
        <parameters />
    </EnvObject>
    <EnvObject t0="19.3699" t1="46.3459" t2="-79.0463" s0="1.53066" s1="1.53066" s2="1.53066" r0="1" r1="0" r2="0" r3="0" r4="0" r5="1" r6="0" r7="0" r8="0" r9="0" r10="1" r11="0" r12="0" r13="0" r14="0" r15="1" id="5" color_r="0.611765" color_g="0.058824" color_b="0.058824" type_file="Data/Objects/Crete/hex_crete_tall.xml">
        <parameters />
    </EnvObject>
    <EnvObject t0="12.553" t1="-13.8114" t2="114.65" s0="1.53066" s1="1.53066" s2="1.53066" r0="-0.462261" r1="-0.000433865" r2="-0.886744" r3="0" r4="-0.000525866" r5="1" r6="-0.000215144" r7="0" r8="0.886744" r9="0.000366856" r10="-0.462261" r11="0" r12="0" r13="0" r14="0" r15="1" id="6" color_r="0.611765" color_g="0.058824" color_b="0.058824" type_file="Data/Objects/Crete/hex_crete_tall.xml">
        <parameters />
    </EnvObject>
    <EnvObject t0="-102.026" t1="-3.31021" t2="37.2417" s0="1.53066" s1="1.53066" s2="1.53066" r0="-0.499934" r1="-9.98491e-005" r2="-0.866063" r3="0" r4="0.000434123" r5="1" r6="-0.000365888" r7="0" r8="0.866063" r9="-0.000558898" r10="-0.499934" r11="0" r12="0" r13="0" r14="0" r15="1" id="8" color_r="0.611765" color_g="0.058824" color_b="0.058824" type_file="Data/Objects/Crete/hex_crete_tall.xml">
        <parameters />
    </EnvObject>
    <EnvObject t0="4.76814" t1="44.7793" t2="-78.4905" s0="1" s1="1" s2="1" r0="0.00265086" r1="-0.999996" r2="-3.36496e-007" r3="0" r4="0.999996" r5="0.00265086" r6="5.06208e-007" r7="0" r8="-5.05314e-007" r9="-3.37837e-007" r10="1" r11="0" r12="0" r13="0" r14="0" r15="1" id="9" color_r="0.894118" color_g="0.0823529" color_b="0.0823529" type_file="Data/Objects/Crete/CreteBlockStandard.xml">
        <parameters />
    </EnvObject>
    <EnvObject t0="19.3699" t1="-14.8534" t2="-92.6057" s0="1.53066" s1="1.53066" s2="1.53066" r0="-0.5" r1="0" r2="0.866025" r3="0" r4="0" r5="1" r6="0" r7="0" r8="-0.866025" r9="0" r10="-0.5" r11="0" r12="0" r13="0" r14="0" r15="1" id="10" color_r="0.611765" color_g="0.058824" color_b="0.058824" type_file="Data/Objects/Crete/hex_crete_tall.xml">
        <parameters />
    </EnvObject>
    <EnvObject t0="7.62701" t1="9.56363" t2="-72.2969" s0="1.53066" s1="1.53066" s2="1.53066" r0="1" r1="0" r2="0" r3="0" r4="0" r5="-1" r6="0" r7="0" r8="0" r9="0" r10="-1" r11="0" r12="0" r13="0" r14="0" r15="1" id="11" color_r="0.611765" color_g="0.058824" color_b="0.058824" type_file="Data/Objects/Crete/hex_crete_tall.xml">
        <parameters />
    </EnvObject>
    <EnvObject t0="7.61696" t1="3.40443" t2="-99.4157" s0="1.53066" s1="1.53066" s2="1.53066" r0="1" r1="5.58794e-009" r2="5.58794e-009" r3="0" r4="-5.58794e-009" r5="1" r6="-1.56125e-017" r7="0" r8="-5.58794e-009" r9="-1.56125e-017" r10="1" r11="0" r12="0" r13="0" r14="0" r15="1" id="12" color_r="0.611765" color_g="0.058824" color_b="0.058824" type_file="Data/Objects/Crete/hex_crete_tall.xml">
        <parameters />
    </EnvObject>
    <EnvObject t0="7.71139" t1="31.6205" t2="-85.8645" s0="1.53066" s1="1.53066" s2="1.53066" r0="-1" r1="-8.75443e-008" r2="-1.13622e-007" r3="0" r4="8.75443e-008" r5="-1" r6="4.97348e-015" r7="0" r8="-1.13622e-007" r9="-4.97348e-015" r10="1" r11="0" r12="0" r13="0" r14="0" r15="1" id="13" color_r="0.611765" color_g="0.058824" color_b="0.058824" type_file="Data/Objects/Crete/hex_crete_tall.xml">
        <parameters />
    </EnvObject>
    <EnvObject t0="-4.11571" t1="9.56422" t2="-92.6057" s0="1.53066" s1="1.53066" s2="1.53066" r0="1" r1="0" r2="0" r3="0" r4="0" r5="1" r6="0" r7="0" r8="0" r9="0" r10="1" r11="0" r12="0" r13="0" r14="0" r15="1" id="14" color_r="0.611765" color_g="0.058824" color_b="0.058824" type_file="Data/Objects/Crete/hex_crete_tall.xml">
        <parameters />
    </EnvObject>
    <EnvObject t0="-4.11571" t1="15.2466" t2="-79.0463" s0="1.53066" s1="1.53066" s2="1.53066" r0="0.5" r1="0" r2="0.866025" r3="0" r4="-0" r5="1" r6="0" r7="0" r8="-0.866025" r9="-0" r10="0.5" r11="0" r12="0" r13="0" r14="0" r15="1" id="15" color_r="0.611765" color_g="0.058824" color_b="0.058824" type_file="Data/Objects/Crete/hex_crete_tall.xml">
        <parameters />
    </EnvObject>
    <EnvObject t0="19.3699" t1="-4.60713" t2="-79.0463" s0="1.53066" s1="1.53066" s2="1.53066" r0="1" r1="0" r2="0" r3="0" r4="0" r5="1" r6="0" r7="0" r8="0" r9="0" r10="1" r11="0" r12="0" r13="0" r14="0" r15="1" id="16" color_r="0.611765" color_g="0.058824" color_b="0.058824" type_file="Data/Objects/Crete/hex_crete_tall.xml">
        <parameters />
    </EnvObject>
    <EnvObject t0="-3.95706" t1="-6.14813" t2="-119.864" s0="1.53066" s1="1.53066" s2="1.53066" r0="0.5" r1="0" r2="-0.866025" r3="0" r4="0" r5="1" r6="0" r7="0" r8="0.866025" r9="0" r10="0.5" r11="0" r12="0" r13="0" r14="0" r15="1" id="17" color_r="0.611765" color_g="0.058824" color_b="0.058824" type_file="Data/Objects/Crete/hex_crete_tall.xml">
        <parameters />
    </EnvObject>
    <EnvObject t0="-4.00316" t1="-2.67486" t2="-133.371" s0="1.53066" s1="1.53066" s2="1.53066" r0="-1" r1="0" r2="0" r3="0" r4="0" r5="1" r6="0" r7="0" r8="0" r9="0" r10="-1" r11="0" r12="0" r13="0" r14="0" r15="1" id="18" color_r="0.611765" color_g="0.058824" color_b="0.058824" type_file="Data/Objects/Crete/hex_crete_chipped.xml">
        <parameters />
    </EnvObject>
    <EnvObject t0="7.78604" t1="-2.69454" t2="-113.054" s0="1.53066" s1="1.53066" s2="1.53066" r0="-1" r1="0" r2="0" r3="0" r4="0" r5="1" r6="0" r7="0" r8="0" r9="0" r10="-1" r11="0" r12="0" r13="0" r14="0" r15="1" id="20" color_r="0.611765" color_g="0.058824" color_b="0.058824" type_file="Data/Objects/Crete/hex_crete_tall.xml">
        <parameters />
    </EnvObject>
    <EnvObject t0="102.829" t1="8.20413" t2="112.601" s0="1.53066" s1="1.53066" s2="1.53066" r0="-1" r1="0" r2="0" r3="0" r4="0" r5="-1" r6="0" r7="0" r8="0" r9="0" r10="1" r11="0" r12="0" r13="0" r14="0" r15="1" id="21" color_r="0.611765" color_g="0.058824" color_b="0.058824" type_file="Data/Objects/Crete/hex_crete_tall.xml">
        <parameters />
    </EnvObject>
    <EnvObject t0="19.5285" t1="-14.7036" t2="-119.864" s0="1.53066" s1="1.53066" s2="1.53066" r0="-1" r1="0" r2="0" r3="0" r4="0" r5="1" r6="0" r7="0" r8="0" r9="0" r10="-1" r11="0" r12="0" r13="0" r14="0" r15="1" id="22" color_r="0.611765" color_g="0.058824" color_b="0.058824" type_file="Data/Objects/Crete/hex_crete_tall.xml">
        <parameters />
    </EnvObject>
    <EnvObject t0="-22.2472" t1="-19.5756" t2="106.454" s0="1.53066" s1="1.53066" s2="1.53066" r0="0.999077" r1="0" r2="0.042964" r3="0" r4="-0" r5="1" r6="0" r7="0" r8="-0.042964" r9="-0" r10="0.999077" r11="0" r12="0" r13="0" r14="0" r15="1" id="24" color_r="0.611765" color_g="0.058824" color_b="0.058824" type_file="Data/Objects/Crete/hex_crete_tall.xml">
        <parameters />
    </EnvObject>
    <EnvObject t0="158.036" t1="-19.0089" t2="147.797" s0="1.53066" s1="1.53066" s2="1.53066" r0="0.307473" r1="-0.918424" r2="0.248914" r3="0" r4="0.932669" r5="0.239015" r6="-0.270185" r7="0" r8="0.18865" r9="0.315229" r10="0.930076" r11="0" r12="0" r13="0" r14="0" r15="1" id="25" color_r="0.611765" color_g="0.058824" color_b="0.058824" type_file="Data/Objects/Crete/hex_crete_chipped.xml">
        <parameters />
    </EnvObject>
    <EnvObject t0="1.18995" t1="-10.1476" t2="107.477" s0="1.53066" s1="1.53066" s2="1.53066" r0="-0.46233" r1="0" r2="-0.886708" r3="0" r4="-0" r5="-1" r6="0" r7="0" r8="-0.886708" r9="0" r10="0.46233" r11="0" r12="0" r13="0" r14="0" r15="1" id="26" color_r="0.611765" color_g="0.058824" color_b="0.058824" type_file="Data/Objects/Crete/hex_crete_tall.xml">
        <parameters />
    </EnvObject>
    <EnvObject t0="-22.8566" t1="-15.9976" t2="120.015" s0="1.53066" s1="1.53066" s2="1.53066" r0="-0.462331" r1="0" r2="-0.886708" r3="0" r4="0" r5="1" r6="0" r7="0" r8="0.886708" r9="0" r10="-0.462331" r11="0" r12="0" r13="0" r14="0" r15="1" id="27" color_r="0.611765" color_g="0.058824" color_b="0.058824" type_file="Data/Objects/Crete/hex_crete_tall.xml">
        <parameters />
    </EnvObject>
    <EnvObject t0="-10.8334" t1="-11.8705" t2="113.746" s0="1.53066" s1="1.53066" s2="1.53066" r0="0.46233" r1="0" r2="0.886708" r3="0" r4="0" r5="-1" r6="0" r7="0" r8="0.886708" r9="0" r10="-0.46233" r11="0" r12="0" r13="0" r14="0" r15="1" id="28" color_r="0.611765" color_g="0.058824" color_b="0.058824" type_file="Data/Objects/Crete/hex_crete_tall.xml">
        <parameters />
    </EnvObject>
    <EnvObject t0="-11.389" t1="-17.432" t2="127.279" s0="1.53066" s1="1.53066" s2="1.53066" r0="-0.462331" r1="0" r2="-0.886708" r3="0" r4="0" r5="1" r6="0" r7="0" r8="0.886708" r9="0" r10="-0.462331" r11="0" r12="0" r13="0" r14="0" r15="1" id="29" color_r="0.611765" color_g="0.058824" color_b="0.058824" type_file="Data/Objects/Crete/hex_crete_tall.xml">
        <parameters />
    </EnvObject>
    <EnvObject t0="0.634219" t1="-30.3471" t2="121.01" s0="1.53066" s1="1.53066" s2="1.53066" r0="0.536746" r1="0" r2="-0.843744" r3="0" r4="0" r5="1" r6="0" r7="0" r8="0.843744" r9="0" r10="0.536746" r11="0" r12="0" r13="0" r14="0" r15="1" id="30" color_r="0.611765" color_g="0.058824" color_b="0.058824" type_file="Data/Objects/Crete/hex_crete_tall.xml">
        <parameters />
    </EnvObject>
    <EnvObject t0="80.199" t1="-31.2318" t2="149.151" s0="1.53066" s1="1.53066" s2="1.53066" r0="-0.500066" r1="0.000533936" r2="0.865987" r3="0" r4="0.000434064" r5="1" r6="-0.000365913" r7="0" r8="-0.865987" r9="0.000192913" r10="-0.500066" r11="0" r12="0" r13="0" r14="0" r15="1" id="31" color_r="0.611765" color_g="0.058824" color_b="0.058824" type_file="Data/Objects/Crete/hex_crete_tall.xml">
        <parameters />
    </EnvObject>
    <EnvObject t0="-78.4963" t1="7.05735" t2="50.7505" s0="1.53066" s1="1.53066" s2="1.53066" r0="1" r1="-0.000433908" r2="7.61576e-005" r3="0" r4="0.000433936" r5="1" r6="-0.000365956" r7="0" r8="-7.59988e-005" r9="0.000365989" r10="1" r11="0" r12="0" r13="0" r14="0" r15="1" id="32" color_r="0.611765" color_g="0.058824" color_b="0.058824" type_file="Data/Objects/Crete/hex_crete_chipped.xml">
        <parameters />
    </EnvObject>
    <EnvObject t0="12.3593" t1="50.7011" t2="-77.6435" s0="1" s1="1" s2="1" r0="0.00264949" r1="-0.999997" r2="-3.36505e-007" r3="0" r4="0.999997" r5="0.00264949" r6="5.06207e-007" r7="0" r8="-5.05314e-007" r9="-3.37845e-007" r10="1" r11="0" r12="0" r13="0" r14="0" r15="1" id="33" color_r="0.894118" color_g="0.0823529" color_b="0.0823529" type_file="Data/Objects/Crete/CreteBlockStandard.xml">
        <parameters />
    </EnvObject>
    <EnvObject t0="-90.2848" t1="1.20297" t2="43.9924" s0="1.53066" s1="1.53066" s2="1.53066" r0="-1" r1="0.000433908" r2="-7.60012e-005" r3="0" r4="-0.000433936" r5="-1" r6="0.000365956" r7="0" r8="-7.58424e-005" r9="0.000365989" r10="1" r11="0" r12="0" r13="0" r14="0" r15="1" id="34" color_r="0.611765" color_g="0.058824" color_b="0.058824" type_file="Data/Objects/Crete/hex_crete_tall.xml">
        <parameters />
    </EnvObject>
    <EnvObject t0="-102.022" t1="-6.74019" t2="50.7976" s0="1.53066" s1="1.53066" s2="1.53066" r0="0.499935" r1="0.00010001" r2="0.866063" r3="0" r4="0.000434082" r5="1" r6="-0.000366051" r7="0" r8="-0.866063" r9="0.000558944" r10="0.499935" r11="0" r12="0" r13="0" r14="0" r15="1" id="35" color_r="0.611765" color_g="0.058824" color_b="0.058824" type_file="Data/Objects/Crete/hex_crete_tall.xml">
        <parameters />
    </EnvObject>
    <EnvObject t0="13.7398" t1="-20.4925" t2="87.54" s0="1.53066" s1="1.53066" s2="1.53066" r0="0.999073" r1="0.000534403" r2="0.0430399" r3="0" r4="-0.000525597" r5="1" r6="-0.000215911" r7="0" r8="-0.0430401" r9="0.000193089" r10="0.999073" r11="0" r12="0" r13="0" r14="0" r15="1" id="36" color_r="0.611765" color_g="0.058824" color_b="0.058824" type_file="Data/Objects/Crete/hex_crete_tall.xml">
        <parameters />
    </EnvObject>
    <EnvObject t0="43.6279" t1="-11.8247" t2="136.352" s0="1.53066" s1="1.53066" s2="1.53066" r0="0.500066" r1="-0.000533936" r2="-0.865987" r3="0" r4="0.000434063" r5="1" r6="-0.000365913" r7="0" r8="0.865987" r9="-0.000192913" r10="0.500066" r11="0" r12="0" r13="0" r14="0" r15="1" id="37" color_r="0.611765" color_g="0.058824" color_b="0.058824" type_file="Data/Objects/Crete/hex_crete_tall.xml">
        <parameters />
    </EnvObject>
    <EnvObject t0="76.6736" t1="0.506542" t2="-3.05716" s0="1.53066" s1="1.53066" s2="1.53066" r0="-1" r1="0.000433986" r2="-7.60794e-005" r3="0" r4="0.000434014" r5="1" r6="-0.000365983" r7="0" r8="7.59206e-005" r9="-0.000366016" r10="-1" r11="0" r12="0" r13="0" r14="0" r15="1" id="38" color_r="0.611765" color_g="0.058824" color_b="0.058824" type_file="Data/Objects/Crete/hex_crete_tall.xml">
        <parameters />
    </EnvObject>
    <EnvObject t0="68.4836" t1="30.9066" t2="142.348" s0="1.53066" s1="1.53066" s2="1.53066" r0="-0.500066" r1="0.000533936" r2="0.865987" r3="0" r4="0.000434064" r5="1" r6="-0.000365913" r7="0" r8="-0.865987" r9="0.000192913" r10="-0.500066" r11="0" r12="0" r13="0" r14="0" r15="1" id="39" color_r="0.611765" color_g="0.058824" color_b="0.058824" type_file="Data/Objects/Crete/hex_crete_tall.xml">
        <parameters />
    </EnvObject>
    <EnvObject t0="18.4541" t1="-8.91188" t2="165.953" s0="1.53066" s1="1.53066" s2="1.53066" r0="1" r1="-0.000433986" r2="7.60794e-005" r3="0" r4="-0.000434014" r5="-1" r6="0.000365983" r7="0" r8="7.59206e-005" r9="-0.000366016" r10="-1" r11="0" r12="0" r13="0" r14="0" r15="1" id="40" color_r="0.611765" color_g="0.058824" color_b="0.058824" type_file="Data/Objects/Crete/hex_crete_tall.xml">
        <parameters />
    </EnvObject>
    <EnvObject t0="56.72" t1="-13.5185" t2="162.702" s0="1.53066" s1="1.53066" s2="1.53066" r0="-0.500066" r1="0.000533936" r2="0.865987" r3="0" r4="0.000434064" r5="1" r6="-0.000365913" r7="0" r8="-0.865987" r9="0.000192913" r10="-0.500066" r11="0" r12="0" r13="0" r14="0" r15="1" id="41" color_r="0.611765" color_g="0.058824" color_b="0.058824" type_file="Data/Objects/Crete/hex_crete_tall.xml">
        <parameters />
    </EnvObject>
    <EnvObject t0="68.4615" t1="-20.0465" t2="142.367" s0="1.53066" s1="1.53066" s2="1.53066" r0="-0.500066" r1="0.000533936" r2="0.865987" r3="0" r4="0.000434064" r5="1" r6="-0.000365913" r7="0" r8="-0.865987" r9="0.000192913" r10="-0.500066" r11="0" r12="0" r13="0" r14="0" r15="1" id="42" color_r="0.611765" color_g="0.058824" color_b="0.058824" type_file="Data/Objects/Crete/hex_crete_tall.xml">
        <parameters />
    </EnvObject>
    <EnvObject t0="-10.2917" t1="11.9174" t2="100.169" s0="1.53066" s1="1.53066" s2="1.53066" r0="0.439378" r1="9.16646e-008" r2="-0.898302" r3="0" r4="1.60795e-007" r5="1" r6="1.8069e-007" r7="0" r8="0.898302" r9="-2.23834e-007" r10="0.439378" r11="0" r12="0" r13="0" r14="0" r15="1" id="43" color_r="0.611765" color_g="0.058824" color_b="0.058824" type_file="Data/Objects/Crete/hex_crete_chipped.xml">
        <parameters />
    </EnvObject>
    <EnvObject t0="102.838" t1="-16.6138" t2="139.756" s0="1.53066" s1="1.53066" s2="1.53066" r0="-1" r1="0.000433986" r2="-7.60794e-005" r3="0" r4="0.000434014" r5="1" r6="-0.000365983" r7="0" r8="7.59206e-005" r9="-0.000366016" r10="-1" r11="0" r12="0" r13="0" r14="0" r15="1" id="44" color_r="0.611765" color_g="0.058824" color_b="0.058824" type_file="Data/Objects/Crete/hex_crete_tall.xml">
        <parameters />
    </EnvObject>
    <EnvObject t0="126.315" t1="-5.32755" t2="112.631" s0="1.53066" s1="1.53066" s2="1.53066" r0="-0.5" r1="0" r2="0.866025" r3="0" r4="0" r5="1" r6="0" r7="0" r8="-0.866025" r9="0" r10="-0.5" r11="0" r12="0" r13="0" r14="0" r15="1" id="45" color_r="0.611765" color_g="0.058824" color_b="0.058824" type_file="Data/Objects/Crete/hex_crete_tall.xml">
        <parameters />
    </EnvObject>
    <EnvObject t0="89.9017" t1="37.7049" t2="135.824" s0="1.53066" s1="1.53066" s2="1.53066" r0="0.799166" r1="0.595694" r2="0.0805091" r3="0" r4="-0.594208" r5="0.762636" r6="0.255544" r7="0" r8="0.0908271" r9="-0.252062" r10="0.963439" r11="0" r12="0" r13="0" r14="0" r15="1" id="46" color_r="0.611765" color_g="0.058824" color_b="0.058824" type_file="Data/Objects/Crete/hex_crete_chipped.xml">
        <parameters />
    </EnvObject>
    <EnvObject t0="102.829" t1="-0.292261" t2="126.161" s0="1.53066" s1="1.53066" s2="1.53066" r0="1" r1="0" r2="0" r3="0" r4="0" r5="-1" r6="0" r7="0" r8="0" r9="0" r10="-1" r11="0" r12="0" r13="0" r14="0" r15="1" id="47" color_r="0.611765" color_g="0.058824" color_b="0.058824" type_file="Data/Objects/Crete/hex_crete_tall.xml">
        <parameters />
    </EnvObject>
    <EnvObject t0="102.829" t1="-15.6449" t2="99.0417" s0="1.53066" s1="1.53066" s2="1.53066" r0="1" r1="0" r2="0" r3="0" r4="0" r5="1" r6="0" r7="0" r8="0" r9="0" r10="1" r11="0" r12="0" r13="0" r14="0" r15="1" id="48" color_r="0.611765" color_g="0.058824" color_b="0.058824" type_file="Data/Objects/Crete/hex_crete_tall.xml">
        <parameters />
    </EnvObject>
    <EnvObject t0="78.9043" t1="-2.25966" t2="98.8524" s0="1.53066" s1="1.53066" s2="1.53066" r0="1" r1="0" r2="0" r3="0" r4="0" r5="1" r6="0" r7="0" r8="0" r9="0" r10="1" r11="0" r12="0" r13="0" r14="0" r15="1" id="49" color_r="0.611765" color_g="0.058824" color_b="0.058824" type_file="Data/Objects/Crete/hex_crete_tall.xml">
        <parameters />
    </EnvObject>
    <EnvObject t0="34.5681" t1="-14.6489" t2="-27.4048" s0="1.53066" s1="1.53066" s2="1.53066" r0="-0.0698779" r1="0.997556" r2="-0.000233516" r3="0" r4="-0.879778" r5="-0.061738" r6="-0.471358" r7="0" r8="-0.470221" r9="-0.0327321" r10="0.881942" r11="0" r12="0" r13="0" r14="0" r15="1" id="50" color_r="0.611765" color_g="0.058824" color_b="0.058824" type_file="Data/Objects/Crete/hex_crete_tall.xml">
        <parameters />
    </EnvObject>
    <EnvObject t0="7.78583" t1="-9.56155" t2="-126.613" s0="1.53066" s1="1.53066" s2="1.53066" r0="1" r1="0" r2="0" r3="0" r4="0" r5="-1" r6="0" r7="0" r8="0" r9="0" r10="-1" r11="0" r12="0" r13="0" r14="0" r15="1" id="51" color_r="0.611765" color_g="0.058824" color_b="0.058824" type_file="Data/Objects/Crete/hex_crete_tall.xml">
        <parameters />
    </EnvObject>
    <EnvObject t0="114.572" t1="-1.91211" t2="105.852" s0="1.53066" s1="1.53066" s2="1.53066" r0="-0.5" r1="0" r2="0.866025" r3="0" r4="0" r5="1" r6="0" r7="0" r8="-0.866025" r9="0" r10="-0.5" r11="0" r12="0" r13="0" r14="0" r15="1" id="52" color_r="0.611765" color_g="0.058824" color_b="0.058824" type_file="Data/Objects/Crete/hex_crete_tall.xml">
        <parameters />
    </EnvObject>
    <EnvObject t0="-80.417" t1="6.8307" t2="15.2505" s0="1.53066" s1="1.53066" s2="1.53066" r0="1" r1="-0.000433968" r2="7.6098e-005" r3="0" r4="0.000433995" r5="1" r6="-0.000365956" r7="0" r8="-7.59392e-005" r9="0.000365989" r10="1" r11="0" r12="0" r13="0" r14="0" r15="1" id="54" color_r="0.611765" color_g="0.058824" color_b="0.058824" type_file="Data/Objects/Crete/hex_crete_tall.xml">
        <parameters />
    </EnvObject>
    <EnvObject t0="-57.0591" t1="4.02201" t2="-11.8189" s0="1.53066" s1="1.53066" s2="1.53066" r0="-0.5" r1="0" r2="0.866025" r3="0" r4="0" r5="1" r6="0" r7="0" r8="-0.866025" r9="0" r10="-0.5" r11="0" r12="0" r13="0" r14="0" r15="1" id="55" color_r="0.611765" color_g="0.058824" color_b="0.058824" type_file="Data/Objects/Crete/hex_crete_tall.xml">
        <parameters />
    </EnvObject>
    <EnvObject t0="-68.802" t1="6.72843" t2="8.48987" s0="1.53066" s1="1.53066" s2="1.53066" r0="1" r1="0" r2="0" r3="0" r4="0" r5="-1" r6="0" r7="0" r8="0" r9="0" r10="-1" r11="0" r12="0" r13="0" r14="0" r15="1" id="56" color_r="0.611765" color_g="0.058824" color_b="0.058824" type_file="Data/Objects/Crete/hex_crete_tall.xml">
        <parameters />
    </EnvObject>
    <EnvObject t0="-68.802" t1="7.6" t2="-18.6289" s0="1.53066" s1="1.53066" s2="1.53066" r0="1" r1="0" r2="0" r3="0" r4="0" r5="1" r6="0" r7="0" r8="0" r9="0" r10="1" r11="0" r12="0" r13="0" r14="0" r15="1" id="57" color_r="0.611765" color_g="0.058824" color_b="0.058824" type_file="Data/Objects/Crete/hex_crete_tall.xml">
        <parameters />
    </EnvObject>
    <EnvObject t0="-80.5447" t1="6.16555" t2="-11.8189" s0="1.53066" s1="1.53066" s2="1.53066" r0="1" r1="0" r2="0" r3="0" r4="0" r5="1" r6="0" r7="0" r8="0" r9="0" r10="1" r11="0" r12="0" r13="0" r14="0" r15="1" id="59" color_r="0.611765" color_g="0.058824" color_b="0.058824" type_file="Data/Objects/Crete/hex_crete_tall.xml">
        <parameters />
    </EnvObject>
    <EnvObject t0="-80.5447" t1="11.1634" t2="1.74047" s0="1.53066" s1="1.53066" s2="1.53066" r0="0.5" r1="0" r2="0.866025" r3="0" r4="-0" r5="1" r6="0" r7="0" r8="-0.866025" r9="-0" r10="0.5" r11="0" r12="0" r13="0" r14="0" r15="1" id="60" color_r="0.611765" color_g="0.058824" color_b="0.058824" type_file="Data/Objects/Crete/hex_crete_tall.xml">
        <parameters />
    </EnvObject>
    <EnvObject t0="-68.6662" t1="6.59734" t2="22.0538" s0="1.53066" s1="1.53066" s2="1.53066" r0="-0.500066" r1="0.000533871" r2="0.865987" r3="0" r4="0.00043401" r5="1" r6="-0.000365869" r7="0" r8="-0.865987" r9="0.000192889" r10="-0.500066" r11="0" r12="0" r13="0" r14="0" r15="1" id="61" color_r="0.611765" color_g="0.058824" color_b="0.058824" type_file="Data/Objects/Crete/hex_crete_tall.xml">
        <parameters />
    </EnvObject>
    <EnvObject t0="-57.013" t1="-3.31549" t2="1.68817" s0="1.53066" s1="1.53066" s2="1.53066" r0="1" r1="0" r2="0" r3="0" r4="0" r5="1" r6="0" r7="0" r8="0" r9="0" r10="1" r11="0" r12="0" r13="0" r14="0" r15="1" id="62" color_r="0.611765" color_g="0.058824" color_b="0.058824" type_file="Data/Objects/Crete/hex_crete_chipped.xml">
        <parameters />
    </EnvObject>
    <EnvObject t0="31.8832" t1="-16.4881" t2="129.572" s0="1.53066" s1="1.53066" s2="1.53066" r0="-0.500066" r1="0.000533936" r2="0.865987" r3="0" r4="0.000434064" r5="1" r6="-0.000365913" r7="0" r8="-0.865987" r9="0.000192913" r10="-0.500066" r11="0" r12="0" r13="0" r14="0" r15="1" id="63" color_r="0.611765" color_g="0.058824" color_b="0.058824" type_file="Data/Objects/Crete/hex_crete_tall.xml">
        <parameters />
    </EnvObject>
    <EnvObject t0="68.5526" t1="43.2474" t2="128.833" s0="1.53066" s1="1.53066" s2="1.53066" r0="1" r1="0" r2="0" r3="0" r4="0" r5="1" r6="0" r7="0" r8="0" r9="0" r10="1" r11="0" r12="0" r13="0" r14="0" r15="1" id="64" color_r="0.611765" color_g="0.058824" color_b="0.058824" type_file="Data/Objects/Crete/hex_crete_chipped.xml">
        <parameters />
    </EnvObject>
    <EnvObject t0="68.3027" t1="-14.0551" t2="155.533" s0="1.53066" s1="1.53066" s2="1.53066" r0="1" r1="0" r2="0" r3="0" r4="0" r5="1" r6="0" r7="0" r8="0" r9="0" r10="1" r11="0" r12="0" r13="0" r14="0" r15="1" id="65" color_r="0.611765" color_g="0.058824" color_b="0.058824" type_file="Data/Objects/Crete/hex_crete_chipped.xml">
        <parameters />
    </EnvObject>
    <EnvObject t0="-111.322" t1="-8.34254" t2="145.869" s0="1.53066" s1="1.53066" s2="1.53066" r0="0.999915" r1="-3.49246e-008" r2="-0.013019" r3="0" r4="0.0110731" r5="-0.525919" r6="0.850463" r7="0" r8="-0.00684697" r9="-0.850535" r10="-0.525874" r11="0" r12="0" r13="0" r14="0" r15="1" id="66" color_r="0.611765" color_g="0.058824" color_b="0.058824" type_file="Data/Objects/Crete/hex_crete_tall.xml">
        <parameters />
    </EnvObject>
    <EnvObject t0="-99.9827" t1="-31.9768" t2="120.044" s0="1.53066" s1="1.53066" s2="1.53066" r0="-0.488682" r1="0" r2="0.872462" r3="0" r4="0" r5="-1" r6="0" r7="0" r8="0.872462" r9="0" r10="0.488682" r11="0" r12="0" r13="0" r14="0" r15="1" id="67" color_r="0.611765" color_g="0.058824" color_b="0.058824" type_file="Data/Objects/Crete/hex_crete_chipped.xml">
        <parameters />
    </EnvObject>
    <EnvObject t0="-88.2873" t1="-24.4323" t2="113.082" s0="1.53066" s1="1.53066" s2="1.53066" r0="-0.488686" r1="0" r2="0.87246" r3="0" r4="-0" r5="1" r6="0" r7="0" r8="-0.87246" r9="-0" r10="-0.488686" r11="0" r12="0" r13="0" r14="0" r15="1" id="68" color_r="0.611765" color_g="0.058824" color_b="0.058824" type_file="Data/Objects/Crete/hex_crete_tall.xml">
        <parameters />
    </EnvObject>
    <EnvObject t0="-111.947" t1="-35.7512" t2="99.8298" s0="1.53066" s1="1.53066" s2="1.53066" r0="-0.488682" r1="0" r2="0.872462" r3="0" r4="0" r5="-1" r6="0" r7="0" r8="0.872462" r9="0" r10="0.488682" r11="0" r12="0" r13="0" r14="0" r15="1" id="69" color_r="0.611765" color_g="0.058824" color_b="0.058824" type_file="Data/Objects/Crete/hex_crete_tall.xml">
        <parameters />
    </EnvObject>
    <EnvObject t0="-100.117" t1="-19.9785" t2="106.456" s0="1.53066" s1="1.53066" s2="1.53066" r0="0.488683" r1="0" r2="-0.872462" r3="0" r4="0" r5="1" r6="0" r7="0" r8="0.872462" r9="0" r10="0.488683" r11="0" r12="0" r13="0" r14="0" r15="1" id="70" color_r="0.611765" color_g="0.058824" color_b="0.058824" type_file="Data/Objects/Crete/hex_crete_tall.xml">
        <parameters />
    </EnvObject>
    <EnvObject t0="-100.267" t1="-16.828" t2="92.9127" s0="1.53066" s1="1.53066" s2="1.53066" r0="-0.488682" r1="0" r2="0.872462" r3="0" r4="0" r5="-1" r6="0" r7="0" r8="0.872462" r9="0" r10="0.488682" r11="0" r12="0" r13="0" r14="0" r15="1" id="71" color_r="0.611765" color_g="0.058824" color_b="0.058824" type_file="Data/Objects/Crete/hex_crete_tall.xml">
        <parameters />
    </EnvObject>
    <EnvObject t0="-88.4375" t1="-12.7221" t2="99.5389" s0="1.53066" s1="1.53066" s2="1.53066" r0="0.511232" r1="0" r2="0.859443" r3="0" r4="0" r5="-1" r6="0" r7="0" r8="0.859443" r9="0" r10="-0.511232" r11="0" r12="0" r13="0" r14="0" r15="1" id="72" color_r="0.611765" color_g="0.058824" color_b="0.058824" type_file="Data/Objects/Crete/hex_crete_tall.xml">
        <parameters />
    </EnvObject>
    <EnvObject t0="-111.744" t1="-22.0482" t2="113.403" s0="1.53066" s1="1.53066" s2="1.53066" r0="0.999915" r1="0" r2="-0.013019" r3="0" r4="0" r5="-1" r6="0" r7="0" r8="-0.013019" r9="-0" r10="-0.999915" r11="0" r12="0" r13="0" r14="0" r15="1" id="73" color_r="0.611765" color_g="0.058824" color_b="0.058824" type_file="Data/Objects/Crete/hex_crete_tall.xml">
        <parameters />
    </EnvObject>
    <EnvObject t0="88.7935" t1="9.86447" t2="145.776" s0="1.53066" s1="1.53066" s2="1.53066" r0="0.773509" r1="-0.623713" r2="0.11254" r3="0" r4="0.623881" r5="0.718052" r6="-0.308504" r7="0" r8="0.111608" r9="0.308842" r10="0.944542" r11="0" r12="0" r13="0" r14="0" r15="1" id="74" color_r="0.611765" color_g="0.058824" color_b="0.058824" type_file="Data/Objects/Crete/hex_crete_chipped.xml">
        <parameters />
    </EnvObject>
    <EnvObject t0="91.0861" t1="-15.2595" t2="119.411" s0="1.53066" s1="1.53066" s2="1.53066" r0="0.5" r1="0" r2="0.866025" r3="0" r4="-0" r5="1" r6="0" r7="0" r8="-0.866025" r9="-0" r10="0.5" r11="0" r12="0" r13="0" r14="0" r15="1" id="75" color_r="0.611765" color_g="0.058824" color_b="0.058824" type_file="Data/Objects/Crete/hex_crete_tall.xml">
        <parameters />
    </EnvObject>
    <EnvObject t0="79.1947" t1="0.458883" t2="-83.2218" s0="1" s1="1" s2="1" r0="0.183159" r1="0" r2="-0.983083" r3="0" r4="0" r5="1" r6="0" r7="0" r8="0.983083" r9="0" r10="0.183159" r11="0" r12="0" r13="0" r14="0" r15="1" id="77" color_r="0.611765" color_g="0.058824" color_b="0.058824" type_file="Data/Objects/Crete/hex_crete_half_slope.xml">
        <parameters />
    </EnvObject>
    <EnvObject t0="81.8977" t1="0.49855" t2="-98.2129" s0="1" s1="1" s2="1" r0="0.166646" r1="0" r2="-0.986017" r3="0" r4="0" r5="1" r6="0" r7="0" r8="0.986017" r9="0" r10="0.166646" r11="0" r12="0" r13="0" r14="0" r15="1" id="78" color_r="0.611765" color_g="0.058824" color_b="0.058824" type_file="Data/Objects/Crete/hex_crete_half_slope.xml">
        <parameters />
    </EnvObject>
    <EnvObject t0="-33.2989" t1="13.7727" t2="-33.7817" s0="1.53066" s1="1.53066" s2="1.53066" r0="1" r1="0" r2="0" r3="0" r4="0" r5="-1" r6="0" r7="0" r8="0" r9="0" r10="-1" r11="0" r12="0" r13="0" r14="0" r15="1" id="79" color_r="0.611765" color_g="0.058824" color_b="0.058824" type_file="Data/Objects/Crete/hex_crete_tall.xml">
        <parameters />
    </EnvObject>
    <EnvObject t0="-33.2989" t1="9.31898" t2="-47.3412" s0="1.53066" s1="1.53066" s2="1.53066" r0="-1" r1="0" r2="0" r3="0" r4="0" r5="-1" r6="0" r7="0" r8="0" r9="0" r10="1" r11="0" r12="0" r13="0" r14="0" r15="1" id="80" color_r="0.611765" color_g="0.058824" color_b="0.058824" type_file="Data/Objects/Crete/hex_crete_tall.xml">
        <parameters />
    </EnvObject>
    <EnvObject t0="-45.0416" t1="6.16843" t2="-54.0905" s0="1.53066" s1="1.53066" s2="1.53066" r0="1" r1="0" r2="0" r3="0" r4="0" r5="1" r6="0" r7="0" r8="0" r9="0" r10="1" r11="0" r12="0" r13="0" r14="0" r15="1" id="81" color_r="0.611765" color_g="0.058824" color_b="0.058824" type_file="Data/Objects/Crete/hex_crete_tall.xml">
        <parameters />
    </EnvObject>
    <EnvObject t0="-45.0416" t1="-6.74663" t2="-40.5311" s0="1.53066" s1="1.53066" s2="1.53066" r0="0.5" r1="0" r2="0.866025" r3="0" r4="-0" r5="1" r6="0" r7="0" r8="-0.866025" r9="-0" r10="0.5" r11="0" r12="0" r13="0" r14="0" r15="1" id="82" color_r="0.611765" color_g="0.058824" color_b="0.058824" type_file="Data/Objects/Crete/hex_crete_tall.xml">
        <parameters />
    </EnvObject>
    <EnvObject t0="-21.556" t1="6.60076" t2="-54.0905" s0="1.53066" s1="1.53066" s2="1.53066" r0="-0.5" r1="0" r2="0.866025" r3="0" r4="0" r5="1" r6="0" r7="0" r8="-0.866025" r9="0" r10="-0.5" r11="0" r12="0" r13="0" r14="0" r15="1" id="83" color_r="0.611765" color_g="0.058824" color_b="0.058824" type_file="Data/Objects/Crete/hex_crete_tall.xml">
        <parameters />
    </EnvObject>
    <EnvObject t0="-33.2989" t1="25.0917" t2="-60.9005" s0="1.53066" s1="1.53066" s2="1.53066" r0="1" r1="0" r2="0" r3="0" r4="0" r5="1" r6="0" r7="0" r8="0" r9="0" r10="1" r11="0" r12="0" r13="0" r14="0" r15="1" id="84" color_r="0.611765" color_g="0.058824" color_b="0.058824" type_file="Data/Objects/Crete/hex_crete_tall.xml">
        <parameters />
    </EnvObject>
    <EnvObject t0="46.8873" t1="-17.6552" t2="37.0012" s0="1.53066" s1="1.53066" s2="1.53066" r0="1" r1="0" r2="0" r3="0" r4="0" r5="1" r6="0" r7="0" r8="0" r9="0" r10="1" r11="0" r12="0" r13="0" r14="0" r15="1" id="85" color_r="0.611765" color_g="0.058824" color_b="0.058824" type_file="Data/Objects/Crete/hex_crete_tall.xml">
        <parameters />
    </EnvObject>
    <EnvObject t0="58.5617" t1="0.476686" t2="43.7672" s0="1.53066" s1="1.53066" s2="1.53066" r0="-0.5" r1="0" r2="-0.866025" r3="0" r4="0" r5="1" r6="0" r7="0" r8="0.866025" r9="0" r10="-0.5" r11="0" r12="0" r13="0" r14="0" r15="1" id="86" color_r="0.611765" color_g="0.058824" color_b="0.058824" type_file="Data/Objects/Crete/hex_crete_chipped.xml">
        <parameters />
    </EnvObject>
    <EnvObject t0="70.3467" t1="-7.06781" t2="50.5759" s0="1.53066" s1="1.53066" s2="1.53066" r0="-0.5" r1="0" r2="-0.866025" r3="0" r4="-0" r5="-1" r6="0" r7="0" r8="-0.866025" r9="0" r10="0.5" r11="0" r12="0" r13="0" r14="0" r15="1" id="87" color_r="0.611765" color_g="0.058824" color_b="0.058824" type_file="Data/Objects/Crete/hex_crete_tall.xml">
        <parameters />
    </EnvObject>
    <EnvObject t0="58.6039" t1="-14.2393" t2="57.3556" s0="1.53066" s1="1.53066" s2="1.53066" r0="0.5" r1="0" r2="0.866025" r3="0" r4="0" r5="-1" r6="0" r7="0" r8="0.866025" r9="0" r10="-0.5" r11="0" r12="0" r13="0" r14="0" r15="1" id="88" color_r="0.611765" color_g="0.058824" color_b="0.058824" type_file="Data/Objects/Crete/hex_crete_tall.xml">
        <parameters />
    </EnvObject>
    <ActorObject t0="6.42064" t1="8.27927" t2="-159.612" s0="1" s1="1" s2="1" r0="1" r1="0" r2="0" r3="0" r4="0" r5="1" r6="0" r7="0" r8="0" r9="0" r10="1" r11="0" r12="0" r13="0" r14="0" r15="1" id="89" type_file="Data/Objects/IGF_Characters/IGF_TurnerActor.xml" is_player="1">
        <parameters>
            <parameter name="Aggression" type="float" val="0.5" />
            <parameter name="Attack Damage" type="float" val="1" />
            <parameter name="Attack Knockback" type="float" val="1" />
            <parameter name="Attack Speed" type="float" val="1" />
            <parameter name="Block Follow-up" type="float" val="0.5" />
            <parameter name="Block Skill" type="float" val="0.5" />
            <parameter name="Character Scale" type="float" val="1" />
            <parameter name="Damage Resistance" type="float" val="1" />
            <parameter name="Ear Size" type="float" val="1" />
            <parameter name="Fat" type="float" val="0.5" />
            <parameter name="Ground Aggression" type="float" val="0.5" />
            <parameter name="Left handed" type="int" val="0" />
            <parameter name="Lives" type="int" val="1" />
            <parameter name="Movement Speed" type="float" val="1" />
            <parameter name="Muscle" type="float" val="0.5" />
            <parameter name="Teams" type="string" val="turner" />
        </parameters>
        <Connections>
            <Connection id="-1" />
        </Connections>
        <ItemConnections>
            <ItemConnection id="1" type="0" mirrored="1" attachment="" />
            <ItemConnection id="23" type="1" mirrored="0" attachment="" />
            <ItemConnection id="3" type="1" mirrored="1" attachment="" />
            <ItemConnection id="19" type="0" mirrored="0" attachment="" />
        </ItemConnections>
        <Palette>
            <Color label="Cloth" channel="0" red="1" green="1" blue="1" />
            <Color label="Rope" channel="1" red="1" green="1" blue="1" />
            <Color label="Fur" channel="2" red="1" green="1" blue="1" />
        </Palette>
    </ActorObject>
    <EnvObject t0="70.3729" t1="-27.5872" t2="64.1201" s0="1.53066" s1="1.53066" s2="1.53066" r0="0.5" r1="0" r2="-0.866025" r3="0" r4="0" r5="1" r6="0" r7="0" r8="0.866025" r9="0" r10="0.5" r11="0" r12="0" r13="0" r14="0" r15="1" id="90" color_r="0.611765" color_g="0.058824" color_b="0.058824" type_file="Data/Objects/Crete/hex_crete_tall.xml">
        <parameters />
    </EnvObject>
    <EnvObject t0="46.8874" t1="-16.9576" t2="50.5607" s0="1.53066" s1="1.53066" s2="1.53066" r0="1" r1="0" r2="0" r3="0" r4="0" r5="1" r6="0" r7="0" r8="0" r9="0" r10="1" r11="0" r12="0" r13="0" r14="0" r15="1" id="91" color_r="0.611765" color_g="0.058824" color_b="0.058824" type_file="Data/Objects/Crete/hex_crete_tall.xml">
        <parameters />
    </EnvObject>
    <EnvObject t0="46.8611" t1="-21.1127" t2="64.1353" s0="1.53066" s1="1.53066" s2="1.53066" r0="-0.5" r1="0" r2="-0.866025" r3="0" r4="0" r5="1" r6="0" r7="0" r8="0.866025" r9="0" r10="-0.5" r11="0" r12="0" r13="0" r14="0" r15="1" id="92" color_r="0.611765" color_g="0.058824" color_b="0.058824" type_file="Data/Objects/Crete/hex_crete_tall.xml">
        <parameters />
    </EnvObject>
    <EnvObject t0="-13.099" t1="0.294449" t2="35.1452" s0="1.53066" s1="1.53066" s2="1.53066" r0="-0.511233" r1="0" r2="-0.859442" r3="0" r4="-0" r5="-1" r6="0" r7="0" r8="-0.859442" r9="0" r10="0.511233" r11="0" r12="0" r13="0" r14="0" r15="1" id="93" color_r="0.611765" color_g="0.058824" color_b="0.058824" type_file="Data/Objects/Crete/hex_crete_tall.xml">
        <parameters />
    </EnvObject>
    <EnvObject t0="-1.69022" t1="-22.3596" t2="14.6695" s0="1.53066" s1="1.53066" s2="1.53066" r0="-0.488682" r1="0" r2="0.872462" r3="0" r4="0" r5="-1" r6="0" r7="0" r8="0.872462" r9="0" r10="0.488682" r11="0" r12="0" r13="0" r14="0" r15="1" id="94" color_r="0.611765" color_g="0.058824" color_b="0.058824" type_file="Data/Objects/Crete/hex_crete_chipped.xml">
        <parameters />
    </EnvObject>
    <EnvObject t0="27.2732" t1="22.4498" t2="44.2971" s0="1.53066" s1="1.53066" s2="1.53066" r0="-0.488683" r1="0" r2="0.872462" r3="0" r4="0.83145" r5="-0.302992" r6="0.465711" r7="0" r8="0.264349" r9="0.952993" r10="0.148067" r11="0" r12="0" r13="0" r14="0" r15="1" id="95" color_r="0.611765" color_g="0.058824" color_b="0.058824" type_file="Data/Objects/Crete/hex_crete_tall.xml">
        <parameters />
    </EnvObject>
    <EnvObject t0="9.90865" t1="-10.3614" t2="8.11448" s0="1.53066" s1="1.53066" s2="1.53066" r0="0.488683" r1="0" r2="-0.872462" r3="0" r4="0" r5="1" r6="0" r7="0" r8="0.872462" r9="0" r10="0.488683" r11="0" r12="0" r13="0" r14="0" r15="1" id="96" color_r="0.611765" color_g="0.058824" color_b="0.058824" type_file="Data/Objects/Crete/hex_crete_tall.xml">
        <parameters />
    </EnvObject>
    <EnvObject t0="9.75859" t1="-7.21081" t2="-5.42894" s0="1.53066" s1="1.53066" s2="1.53066" r0="-0.488682" r1="0" r2="0.872462" r3="0" r4="0" r5="-1" r6="0" r7="0" r8="0.872462" r9="0" r10="0.488682" r11="0" r12="0" r13="0" r14="0" r15="1" id="97" color_r="0.611765" color_g="0.058824" color_b="0.058824" type_file="Data/Objects/Crete/hex_crete_tall.xml">
        <parameters />
    </EnvObject>
    <EnvObject t0="84.9405" t1="0.426553" t2="-89.9251" s0="1" s1="1" s2="1" r0="0.176167" r1="0" r2="-0.98436" r3="0" r4="0" r5="-1" r6="0" r7="0" r8="-0.98436" r9="-0" r10="-0.176167" r11="0" r12="0" r13="0" r14="0" r15="1" id="99" color_r="0.611765" color_g="0.058824" color_b="0.058824" type_file="Data/Objects/Crete/hex_crete_half_slope.xml">
        <parameters />
    </EnvObject>
