<?xml version="2.0" ?>
<Type>saved</Type>
<Name></Name>
<Description></Description>
<Shader>post</Shader>
<Terrain>
    <Heightmap>Data/Textures/Terrain/sea_cliffs/sea_cliffs_hm.png</Heightmap>
    <DetailMap></DetailMap>
    <ColorMap>Data/Textures/Terrain/sea_cliffs/sea_cliffs_c.tga</ColorMap>
    <DetailMaps>
        <DetailMap colorpath="Data/Textures/Terrain/DetailTextures/rubble_rocks_c.tga" normalpath="Data/Textures/Terrain/DetailTextures/rubble_rocks_n.tga" materialpath="Data/Materials/dirt.xml" />
        <DetailMap colorpath="Data/Textures/Terrain/DetailTextures/grass.tga" normalpath="Data/Textures/Terrain/DetailTextures/grass_normal.png" materialpath="Data/Materials/dirt.xml" />
        <DetailMap colorpath="Data/Textures/Terrain/DetailTextures/grass_stones_c.tga" normalpath="Data/Textures/Terrain/DetailTextures/grass_stones_n.tga" materialpath="Data/Materials/drygrass.xml" />
        <DetailMap colorpath="Data/Textures/Terrain/DetailTextures/chipped_rock.tga" normalpath="Data/Textures/Terrain/DetailTextures/chipped_rock_normal.tga" materialpath="Data/Materials/dirtyrock.xml" />
    </DetailMaps>
    <DetailObjects>
        <DetailObject obj_path="Data/Objects/Plants/Groundcover/Grass/WildGrass.xml" weight_path="Data/Textures/Terrain/sea_cliffs/sea_cliffs_grass_w.tga" normal_conform="0" density="10" min_embed="0" max_embed="0" min_scale="1" max_scale="1" view_distance="30" jitter_degrees="0" overbright="0" />
    </DetailObjects>
</Terrain>
<OutOfDate Shadow="false" AO="false" NavMesh="true" />
<SpawnPoints>
    <SpawnPoint t0="0" t1="200" t2="0" s0="1" s1="1" s2="1" r0="1" r1="0" r2="0" r3="0" r4="0" r5="1" r6="0" r7="0" r8="0" r9="0" r10="1" r11="0" r12="0" r13="0" r14="0" r15="1" />
</SpawnPoints>

<Objectives>destroy_all</Objectives>
<Achievements>flawless, no_injuries, no_kills</Achievements>
<Script>Data/Custom/Gyrth/rain/Scripts/rain.as</Script>
<Sky>
    <DomeTexture>Data/Textures/skies/sea_cliffs_sky.tga</DomeTexture>
    <SunAngularRad>0.204161</SunAngularRad>
    <SunColorAngle>322.925</SunColorAngle>
    <RayToSun r0="0.70776" r1="0.257501" r2="0.657852" />
    <ExtraAO>0</ExtraAO>
</Sky>
<ActorObjects>
    <ActorObject t0="319.641" t1="119.453" t2="-232.651" s0="1" s1="1" s2="1" r0="1" r1="0" r2="0" r3="0" r4="0" r5="1" r6="0" r7="0" r8="0" r9="0" r10="1" r11="0" r12="0" r13="0" r14="0" r15="1" id="2" type_file="Data/Objects/IGF_Characters/IGF_TurnerActor.xml" is_player="1">
        <parameters>
            <parameter name="Aggression" type="string" val="0.5" />
            <parameter name="Attack Damage" type="string" val="1.0" />
            <parameter name="Attack Knockback" type="string" val="1.0" />
            <parameter name="Attack Speed" type="string" val="1.0" />
            <parameter name="Block Follow-up" type="string" val="0.5" />
            <parameter name="Block Skill" type="string" val="0.5" />
            <parameter name="Character Scale" type="float" val="1" />
            <parameter name="Damage Resistance" type="string" val="1.0" />
            <parameter name="Ear Size" type="float" val="1" />
            <parameter name="Fat" type="float" val="0.5" />
            <parameter name="Ground Aggression" type="float" val="0.5" />
            <parameter name="Left handed" type="string" val="0.0" />
            <parameter name="Lives" type="string" val="1" />
            <parameter name="Movement Speed" type="string" val="1.0" />
            <parameter name="Muscle" type="float" val="0.5" />
            <parameter name="Teams" type="string" val="turner" />
        </parameters>
        <Connections>
            <Connection id="-1" />
        </Connections>
        <ItemConnections />
        <Palette>
            <Color label="Cloth" channel="0" red="1" green="1" blue="1" />
            <Color label="Rope" channel="1" red="1" green="1" blue="1" />
            <Color label="Fur" channel="2" red="1" green="1" blue="1" />
        </Palette>
    </ActorObject>
    <EnvObject t0="379.881" t1="105.209" t2="45.2443" s0="2.84642" s1="2.84642" s2="2.84642" r0="-1.19209e-007" r1="0" r2="1" r3="0" r4="0" r5="-1" r6="0" r7="0" r8="1" r9="0" r10="-1.19209e-007" r11="0" r12="0" r13="0" r14="0" r15="1" id="11" color_r="1" color_g="1" color_b="1" type_file="Data/Objects/Crete/CreteBlockStandard.xml">
        <parameters />
    </EnvObject>
    <EnvObject t0="379.881" t1="-48.4977" t2="45.2443" s0="2.84642" s1="2.84642" s2="2.84642" r0="1" r1="0" r2="0" r3="0" r4="0" r5="-1" r6="0" r7="0" r8="0" r9="0" r10="-1" r11="0" r12="0" r13="0" r14="0" r15="1" id="20" color_r="1" color_g="1" color_b="1" type_file="Data/Objects/Crete/CreteBlockStandard.xml">
        <parameters />
    </EnvObject>
    <EnvObject t0="379.881" t1="-65.5762" t2="45.2443" s0="2.84642" s1="2.84642" s2="2.84642" r0="-1.19209e-007" r1="0" r2="-1" r3="0" r4="-0" r5="-1" r6="0" r7="0" r8="-1" r9="0" r10="-1.19209e-007" r11="0" r12="0" r13="0" r14="0" r15="1" id="47" color_r="1" color_g="1" color_b="1" type_file="Data/Objects/Crete/CreteBlockStandard.xml">
        <parameters />
    </EnvObject>
    <EnvObject t0="379.881" t1="-82.655" t2="45.2443" s0="2.84642" s1="2.84642" s2="2.84642" r0="-1.19209e-007" r1="0" r2="-1" r3="0" r4="-0" r5="-1" r6="0" r7="0" r8="-1" r9="0" r10="-1.19209e-007" r11="0" r12="0" r13="0" r14="0" r15="1" id="50" color_r="1" color_g="1" color_b="1" type_file="Data/Objects/Crete/CreteBlockStandard.xml">
        <parameters />
    </EnvObject>
    <EnvObject t0="379.881" t1="-99.7336" t2="45.2443" s0="2.84642" s1="2.84642" s2="2.84642" r0="-1.19209e-007" r1="0" r2="-1" r3="0" r4="-0" r5="-1" r6="0" r7="0" r8="-1" r9="0" r10="-1.19209e-007" r11="0" r12="0" r13="0" r14="0" r15="1" id="51" color_r="1" color_g="1" color_b="1" type_file="Data/Objects/Crete/CreteBlockStandard.xml">
        <parameters />
    </EnvObject>
    <EnvObject t0="379.881" t1="19.8164" t2="45.2443" s0="2.84642" s1="2.84642" s2="2.84642" r0="-1.19209e-007" r1="0" r2="-1" r3="0" r4="-0" r5="-1" r6="0" r7="0" r8="-1" r9="0" r10="-1.19209e-007" r11="0" r12="0" r13="0" r14="0" r15="1" id="52" color_r="1" color_g="1" color_b="1" type_file="Data/Objects/Crete/CreteBlockStandard.xml">
        <parameters />
    </EnvObject>
    <EnvObject t0="379.881" t1="2.73785" t2="45.2443" s0="2.84642" s1="2.84642" s2="2.84642" r0="-1.19209e-007" r1="0" r2="1" r3="0" r4="0" r5="-1" r6="0" r7="0" r8="1" r9="0" r10="-1.19209e-007" r11="0" r12="0" r13="0" r14="0" r15="1" id="53" color_r="1" color_g="1" color_b="1" type_file="Data/Objects/Crete/CreteBlockStandard.xml">
        <parameters />
    </EnvObject>
    <EnvObject t0="379.881" t1="-14.3407" t2="45.2443" s0="2.84642" s1="2.84642" s2="2.84642" r0="1" r1="0" r2="0" r3="0" r4="0" r5="-1" r6="0" r7="0" r8="0" r9="0" r10="-1" r11="0" r12="0" r13="0" r14="0" r15="1" id="54" color_r="1" color_g="1" color_b="1" type_file="Data/Objects/Crete/CreteBlockStandard.xml">
        <parameters />
    </EnvObject>
    <EnvObject t0="379.881" t1="-31.4192" t2="45.2443" s0="2.84642" s1="2.84642" s2="2.84642" r0="-1.19209e-007" r1="0" r2="-1" r3="0" r4="-0" r5="-1" r6="0" r7="0" r8="-1" r9="0" r10="-1.19209e-007" r11="0" r12="0" r13="0" r14="0" r15="1" id="55" color_r="1" color_g="1" color_b="1" type_file="Data/Objects/Crete/CreteBlockStandard.xml">
        <parameters />
    </EnvObject>
    <EnvObject t0="379.881" t1="156.444" t2="45.2443" s0="2.84642" s1="2.84642" s2="2.84642" r0="-1.19209e-007" r1="0" r2="-1" r3="0" r4="-0" r5="-1" r6="0" r7="0" r8="-1" r9="0" r10="-1.19209e-007" r11="0" r12="0" r13="0" r14="0" r15="1" id="35" color_r="1" color_g="1" color_b="1" type_file="Data/Objects/Crete/CreteBlockStandard.xml">
        <parameters />
    </EnvObject>
    <EnvObject t0="379.881" t1="122.288" t2="45.2443" s0="2.84642" s1="2.84642" s2="2.84642" r0="-1.19209e-007" r1="0" r2="-1" r3="0" r4="-0" r5="-1" r6="0" r7="0" r8="-1" r9="0" r10="-1.19209e-007" r11="0" r12="0" r13="0" r14="0" r15="1" id="37" color_r="1" color_g="1" color_b="1" type_file="Data/Objects/Crete/CreteBlockStandard.xml">
        <parameters />
    </EnvObject>
    <EnvObject t0="379.881" t1="139.366" t2="45.2443" s0="2.84642" s1="2.84642" s2="2.84642" r0="1" r1="0" r2="0" r3="0" r4="0" r5="-1" r6="0" r7="0" r8="0" r9="0" r10="-1" r11="0" r12="0" r13="0" r14="0" r15="1" id="43" color_r="1" color_g="1" color_b="1" type_file="Data/Objects/Crete/CreteBlockStandard.xml">
        <parameters />
    </EnvObject>
    <EnvObject t0="304.703" t1="103.326" t2="-243.681" s0="2.84248" s1="2.84248" s2="2.84248" r0="-1.19209e-007" r1="0" r2="-1" r3="0" r4="-0" r5="-1" r6="0" r7="0" r8="-1" r9="0" r10="-1.19209e-007" r11="0" r12="0" r13="0" r14="0" r15="1" id="4" color_r="1" color_g="1" color_b="1" type_file="Data/Objects/Crete/CreteBlockStandard.xml">
        <parameters />
    </EnvObject>
    <EnvObject t0="304.703" t1="69.1694" t2="-243.681" s0="2.84248" s1="2.84248" s2="2.84248" r0="-1.19209e-007" r1="0" r2="-1" r3="0" r4="-0" r5="-1" r6="0" r7="0" r8="-1" r9="0" r10="-1.19209e-007" r11="0" r12="0" r13="0" r14="0" r15="1" id="5" color_r="1" color_g="1" color_b="1" type_file="Data/Objects/Crete/CreteBlockStandard.xml">
        <parameters />
    </EnvObject>
    <EnvObject t0="379.881" t1="36.8949" t2="45.2443" s0="2.84642" s1="2.84642" s2="2.84642" r0="-1.19209e-007" r1="0" r2="1" r3="0" r4="0" r5="-1" r6="0" r7="0" r8="1" r9="0" r10="-1.19209e-007" r11="0" r12="0" r13="0" r14="0" r15="1" id="6" color_r="1" color_g="1" color_b="1" type_file="Data/Objects/Crete/CreteBlockStandard.xml">
        <parameters />
    </EnvObject>
    <EnvObject t0="379.881" t1="88.1302" t2="45.2443" s0="2.84642" s1="2.84642" s2="2.84642" r0="-1.19209e-007" r1="0" r2="-1" r3="0" r4="-0" r5="-1" r6="0" r7="0" r8="-1" r9="0" r10="-1.19209e-007" r11="0" r12="0" r13="0" r14="0" r15="1" id="7" color_r="1" color_g="1" color_b="1" type_file="Data/Objects/Crete/CreteBlockStandard.xml">
        <parameters />
    </EnvObject>
    <EnvObject t0="379.881" t1="53.9734" t2="45.2443" s0="2.84642" s1="2.84642" s2="2.84642" r0="-1.19209e-007" r1="0" r2="-1" r3="0" r4="-0" r5="-1" r6="0" r7="0" r8="-1" r9="0" r10="-1.19209e-007" r11="0" r12="0" r13="0" r14="0" r15="1" id="8" color_r="1" color_g="1" color_b="1" type_file="Data/Objects/Crete/CreteBlockStandard.xml">
        <parameters />
    </EnvObject>
    <EnvObject t0="379.881" t1="71.0518" t2="45.2443" s0="2.84642" s1="2.84642" s2="2.84642" r0="1" r1="0" r2="0" r3="0" r4="0" r5="-1" r6="0" r7="0" r8="0" r9="0" r10="-1" r11="0" r12="0" r13="0" r14="0" r15="1" id="9" color_r="1" color_g="1" color_b="1" type_file="Data/Objects/Crete/CreteBlockStandard.xml">
        <parameters />
    </EnvObject>
    <EnvObject t0="320.281" t1="109.926" t2="-232.867" s0="2.84248" s1="2.84248" s2="2.84248" r0="-1.19209e-007" r1="0" r2="-1" r3="0" r4="-0" r5="-1" r6="0" r7="0" r8="-1" r9="0" r10="-1.19209e-007" r11="0" r12="0" r13="0" r14="0" r15="1" id="57" color_r="1" color_g="1" color_b="1" type_file="Data/Objects/Crete/CreteBlockStandard.xml">
        <parameters />
    </EnvObject>
    <EnvObject t0="320.281" t1="75.7685" t2="-232.867" s0="2.84248" s1="2.84248" s2="2.84248" r0="-1.19209e-007" r1="0" r2="-1" r3="0" r4="-0" r5="-1" r6="0" r7="0" r8="-1" r9="0" r10="-1.19209e-007" r11="0" r12="0" r13="0" r14="0" r15="1" id="58" color_r="1" color_g="1" color_b="1" type_file="Data/Objects/Crete/CreteBlockStandard.xml">
        <parameters />
    </EnvObject>
    <EnvObject t0="320.281" t1="92.847" t2="-232.867" s0="2.84248" s1="2.84248" s2="2.84248" r0="-1.19209e-007" r1="0" r2="-1" r3="0" r4="-0" r5="-1" r6="0" r7="0" r8="-1" r9="0" r10="-1.19209e-007" r11="0" r12="0" r13="0" r14="0" r15="1" id="59" color_r="1" color_g="1" color_b="1" type_file="Data/Objects/Crete/CreteBlockStandard.xml">
        <parameters />
    </EnvObject>
    <EnvObject t0="310.772" t1="-30.1962" t2="-18.5759" s0="1" s1="1" s2="1" r0="1" r1="0" r2="0" r3="0" r4="0" r5="1" r6="0" r7="0" r8="0" r9="0" r10="1" r11="0" r12="0" r13="0" r14="0" r15="1" id="10" color_r="1" color_g="1" color_b="1" type_file="Data/Objects/terrain/sea_cliffs/sea_cliffs_sea.xml">
        <parameters />
    </EnvObject>
    <EnvObject t0="77.0107" t1="18.749" t2="-39.8091" s0="9.4466" s1="6.60244" s2="9.38603" r0="0.417495" r1="-0.37006" r2="-0.829911" r3="0" r4="-0.906268" r5="-0.103092" r6="-0.409939" r7="0" r8="0.0661448" r9="0.92327" r10="-0.378414" r11="0" r12="0" r13="0" r14="0" r15="1" id="14" color_r="0.952941" color_g="0.952941" color_b="0.952941" type_file="Data/Objects/Environment/Rocks/plain_rock_large.xml">
        <parameters />
    </EnvObject>
    <EnvObject t0="68.8674" t1="32.3912" t2="-250.507" s0="-4.98371" s1="4.94293" s2="5.34957" r0="0.774886" r1="0.468633" r2="-0.424188" r3="0" r4="-0.216541" r5="-0.433664" r6="-0.874669" r7="0" r8="-0.593854" r9="0.769622" r10="-0.234562" r11="0" r12="0" r13="0" r14="0" r15="1" id="15" color_r="0.933333" color_g="0.933333" color_b="0.933333" type_file="Data/Objects/Environment/Rocks/plain_rock_large.xml">
        <parameters />
    </EnvObject>
    <EnvObject t0="35.4256" t1="78.6911" t2="-279.945" s0="3.36058" s1="2.79864" s2="3.55874" r0="-0.364828" r1="-0.352872" r2="-0.861615" r3="0" r4="0.405916" r5="-0.893105" r6="0.193894" r7="0" r8="-0.837933" r9="-0.279005" r10="0.469067" r11="0" r12="0" r13="0" r14="0" r15="1" id="16" color_r="0.780392" color_g="0.780392" color_b="0.780392" type_file="Data/Objects/Environment/Rocks/plain_rock_large.xml">
        <parameters />
    </EnvObject>
    <EnvObject t0="47.0602" t1="38.4317" t2="-238.33" s0="5.18121" s1="4.94293" s2="5.27953" r0="-0.919723" r1="-0.104255" r2="-0.37847" r3="0" r4="0.350771" r5="0.21463" r6="-0.911534" r7="0" r8="0.176263" r9="-0.971115" r10="-0.160831" r11="0" r12="0" r13="0" r14="0" r15="1" id="17" color_r="0.796078" color_g="0.796078" color_b="0.796078" type_file="Data/Objects/Environment/Rocks/plain_rock_large.xml">
        <parameters />
    </EnvObject>
    <EnvObject t0="36.4555" t1="67.2595" t2="-276.797" s0="4.48801" s1="4.28161" s2="4.57317" r0="-0.184532" r1="-0.826907" r2="-0.531199" r3="0" r4="-0.509416" r5="0.542686" r6="-0.667823" r7="0" r8="0.840502" r9="0.147367" r10="-0.521382" r11="0" r12="0" r13="0" r14="0" r15="1" id="18" color_r="0.658824" color_g="0.658824" color_b="0.658824" type_file="Data/Objects/Environment/Rocks/plain_rock_large.xml">
        <parameters />
    </EnvObject>
    <EnvObject t0="57.6416" t1="30.6271" t2="-229.062" s0="4.98938" s1="4.94286" s2="5.36036" r0="0.662838" r1="-0.143712" r2="0.734842" r3="0" r4="0.730311" r5="-0.0924498" r6="-0.67683" r7="0" r8="0.165205" r9="0.985292" r10="0.043675" r11="0" r12="0" r13="0" r14="0" r15="1" id="1" color_r="0.862745" color_g="0.862745" color_b="0.862745" type_file="Data/Objects/Environment/Rocks/plain_rock_large.xml">
        <parameters />
    </EnvObject>
    <EnvObject t0="43.1006" t1="73.4821" t2="-84.3847" s0="3.27306" s1="4.02997" s2="3.61159" r0="0.227975" r1="-0.971553" r2="-0.064133" r3="0" r4="0.321175" r5="0.137217" r6="-0.937026" r7="0" r8="0.91917" r9="0.19302" r10="0.34332" r11="0" r12="0" r13="0" r14="0" r15="1" id="12" color_r="0.658824" color_g="0.658824" color_b="0.658824" type_file="Data/Objects/Environment/Rocks/plain_rock_large.xml">
        <parameters />
    </EnvObject>
    <EnvObject t0="57.7375" t1="16.227" t2="-101.087" s0="8.71044" s1="8.62923" s2="9.3581" r0="0.409718" r1="-0.658881" r2="0.630878" r3="0" r4="0.805703" r5="-0.0629188" r6="-0.588968" r7="0" r8="0.427754" r9="0.749611" r10="0.505084" r11="0" r12="0" r13="0" r14="0" r15="1" id="13" color_r="0.796078" color_g="0.796078" color_b="0.796078" type_file="Data/Objects/Environment/Rocks/plain_rock_large.xml">
        <parameters />
    </EnvObject>
    <EnvObject t0="93.015" t1="-12.1092" t2="-87.0763" s0="6.27555" s1="6.27555" s2="6.27555" r0="-0.0861707" r1="1.49012e-007" r2="0.99628" r3="0" r4="-0.944755" r5="-0.317429" r6="-0.081714" r7="0" r8="0.316248" r9="-0.948282" r10="0.027353" r11="0" r12="0" r13="0" r14="0" r15="1" id="19" color_r="1" color_g="1" color_b="1" type_file="Data/Objects/Environment/Rocks/plain_rock_small.xml">
        <parameters />
    </EnvObject>
    <EnvObject t0="55.9514" t1="59.2208" t2="-40.978" s0="7.78244" s1="8.94125" s2="14.5139" r0="0.775177" r1="0.269033" r2="0.571596" r3="0" r4="-0.631504" r5="0.305088" r6="0.712828" r7="0" r8="0.0173866" r9="-0.913533" r10="0.406393" r11="0" r12="0" r13="0" r14="0" r15="1" id="21" color_r="1" color_g="1" color_b="1" type_file="Data/Objects/Environment/Rocks/plain_rock_small.xml">
        <parameters />
    </EnvObject>
    <EnvObject t0="81.1305" t1="-10.4669" t2="-111.011" s0="6.27555" s1="6.27555" s2="6.27555" r0="0.801733" r1="0" r2="0.597683" r3="0" r4="-0" r5="1" r6="0" r7="0" r8="-0.597683" r9="-0" r10="0.801733" r11="0" r12="0" r13="0" r14="0" r15="1" id="22" color_r="0.796078" color_g="0.796078" color_b="0.796078" type_file="Data/Objects/Environment/Rocks/plain_rock_small.xml">
        <parameters />
    </EnvObject>
    <EnvObject t0="66.6092" t1="-25.7522" t2="-154.153" s0="2.39359" s1="2.6142" s2="3.6785" r0="0.25901" r1="0.202174" r2="0.944478" r3="0" r4="-0.0345572" r5="0.979162" r6="-0.200121" r7="0" r8="-0.965256" r9="0.0191948" r10="0.260599" r11="0" r12="0" r13="0" r14="0" r15="1" id="24" color_r="0.529412" color_g="0.529412" color_b="0.529412" type_file="Data/Objects/Environment/Rocks/coast_rock_large.xml">
        <parameters />
    </EnvObject>
    <EnvObject t0="82.916" t1="2.18814" t2="-84.5867" s0="8.71043" s1="2.94983" s2="9.2616" r0="0.342693" r1="0.265221" r2="0.901232" r3="0" r4="-0.920106" r5="-0.098903" r6="0.378976" r7="0" r8="0.189647" r9="-0.959102" r10="0.210138" r11="0" r12="0" r13="0" r14="0" r15="1" id="25" color_r="0.933333" color_g="0.933333" color_b="0.933333" type_file="Data/Objects/Environment/Rocks/plain_rock_large.xml">
        <parameters />
    </EnvObject>
    <EnvObject t0="119.169" t1="53.4975" t2="-271.905" s0="5.18121" s1="4.94293" s2="5.27953" r0="0.956405" r1="-0.249966" r2="-0.151018" r3="0" r4="-0.206974" r5="-0.215334" r6="-0.954355" r7="0" r8="0.206037" r9="0.944006" r10="-0.257683" r11="0" r12="0" r13="0" r14="0" r15="1" id="26" color_r="0.796078" color_g="0.796078" color_b="0.796078" type_file="Data/Objects/Environment/Rocks/plain_rock_large.xml">
        <parameters />
    </EnvObject>
    <EnvObject t0="46.6053" t1="64.6411" t2="-236.803" s0="2.41363" s1="1.98216" s2="2.58973" r0="0.0754433" r1="-0.858679" r2="-0.50693" r3="0" r4="-0.810229" r5="-0.349122" r6="0.470789" r7="0" r8="-0.581237" r9="0.375212" r10="-0.722066" r11="0" r12="0" r13="0" r14="0" r15="1" id="27" color_r="0.796078" color_g="0.796078" color_b="0.796078" type_file="Data/Objects/Environment/Rocks/plain_rock_large.xml">
        <parameters />
    </EnvObject>
    <EnvObject t0="27.3704" t1="71.7081" t2="-267.927" s0="2.667" s1="2.667" s2="2.667" r0="-0.0861703" r1="-2.5332e-007" r2="0.99628" r3="0" r4="-0.358773" r5="-0.932909" r6="-0.0310313" r7="0" r8="0.929439" r9="-0.360113" r10="0.0803891" r11="0" r12="0" r13="0" r14="0" r15="1" id="29" color_r="0.713726" color_g="0.713726" color_b="0.713726" type_file="Data/Objects/Environment/Rocks/plain_rock_small.xml">
        <parameters />
    </EnvObject>
    <EnvObject t0="24.3176" t1="70.8475" t2="-255.598" s0="2.667" s1="2.667" s2="2.667" r0="-0.112741" r1="-0.116796" r2="0.986736" r3="0" r4="-0.0606436" r5="-0.990407" r6="-0.124159" r7="0" r8="0.991772" r9="-0.073837" r10="0.104576" r11="0" r12="0" r13="0" r14="0" r15="1" id="30" color_r="0.713726" color_g="0.713726" color_b="0.713726" type_file="Data/Objects/Environment/Rocks/plain_rock_small.xml">
        <parameters />
    </EnvObject>
    <EnvObject t0="52.04" t1="76.9576" t2="-283.003" s0="2.01441" s1="1.85326" s2="2.1997" r0="0.441873" r1="0.036265" r2="0.896344" r3="0" r4="0.182234" r5="-0.981978" r6="-0.0501067" r7="0" r8="0.878373" r9="0.185485" r10="-0.440518" r11="0" r12="0" r13="0" r14="0" r15="1" id="31" color_r="0.478431" color_g="0.466667" color_b="0.423529" type_file="Data/Objects/Environment/Rocks/plain_rock_large.xml">
        <parameters />
    </EnvObject>
    <EnvObject t0="1.75623" t1="88.732" t2="-274.128" s0="2.79088" s1="2.32421" s2="2.95545" r0="-0.288714" r1="-0.432349" r2="-0.854236" r3="0" r4="-0.702775" r5="-0.510225" r6="0.49576" r7="0" r8="-0.650194" r9="0.743468" r10="-0.156535" r11="0" r12="0" r13="0" r14="0" r15="1" id="32" color_r="0.729412" color_g="0.729412" color_b="0.729412" type_file="Data/Objects/Environment/Rocks/plain_rock_large.xml">
        <parameters />
    </EnvObject>
    <EnvObject t0="11.0976" t1="53.4418" t2="-147.899" s0="4.19525" s1="3.03013" s2="4.27847" r0="-0.403464" r1="0.770857" r2="0.492946" r3="0" r4="0.791388" r5="0.0235803" r6="0.610859" r7="0" r8="0.459261" r9="0.636572" r10="-0.619561" r11="0" r12="0" r13="0" r14="0" r15="1" id="33" color_r="0.752941" color_g="0.752941" color_b="0.752941" type_file="Data/Objects/Environment/Rocks/plain_rock_large.xml">
        <parameters />
    </EnvObject>
    <EnvObject t0="70.797" t1="95.2643" t2="-303.827" s0="3.41257" s1="2.42985" s2="3.5444" r0="0.633635" r1="-0.0513321" r2="-0.771927" r3="0" r4="0.0866728" r5="0.996225" r6="0.00489759" r7="0" r8="0.768761" r9="-0.0700084" r10="0.635692" r11="0" r12="0" r13="0" r14="0" r15="1" id="38" color_r="0.752941" color_g="0.752941" color_b="0.752941" type_file="Data/Objects/Environment/Rocks/plain_rock_large.xml">
        <parameters />
    </EnvObject>
    <EnvObject t0="77.8436" t1="83.1369" t2="-296.678" s0="4.48939" s1="3.12935" s2="4.42483" r0="0.933013" r1="-0.359843" r2="0.000384983" r3="0" r4="-0.352532" r5="-0.914272" r6="-0.199571" r7="0" r8="0.072166" r9="0.186066" r10="-0.979883" r11="0" r12="0" r13="0" r14="0" r15="1" id="39" color_r="0.752941" color_g="0.752941" color_b="0.752941" type_file="Data/Objects/Environment/Rocks/plain_rock_large.xml">
        <parameters />
    </EnvObject>
    <EnvObject t0="31.8803" t1="69.6096" t2="-232.848" s0="4.19525" s1="3.03013" s2="4.27847" r0="-0.891477" r1="-0.196259" r2="0.408351" r3="0" r4="-0.133336" r5="0.975041" r6="0.17753" r7="0" r8="-0.433001" r9="0.103816" r10="-0.895395" r11="0" r12="0" r13="0" r14="0" r15="1" id="40" color_r="0.752941" color_g="0.752941" color_b="0.752941" type_file="Data/Objects/Environment/Rocks/plain_rock_large.xml">
        <parameters />
    </EnvObject>
    <EnvObject t0="76.126" t1="21.742" t2="-29.5715" s0="-5.97696" s1="3.70586" s2="3.24535" r0="0.641331" r1="-0.725201" r2="0.250557" r3="0" r4="0.487527" r5="0.637327" r6="0.596767" r7="0" r8="-0.592463" r9="-0.260572" r10="0.762292" r11="0" r12="0" r13="0" r14="0" r15="1" id="41" color_r="0.815686" color_g="0.815686" color_b="0.815686" type_file="Data/Objects/Environment/Rocks/plain_rock_large.xml">
        <parameters />
    </EnvObject>
    <EnvObject t0="-8.74585" t1="88.428" t2="-190.583" s0="3.25748" s1="2.35279" s2="3.32209" r0="0.915894" r1="-0.101423" r2="-0.388396" r3="0" r4="0.180715" r5="0.96814" r6="0.17334" r7="0" r8="0.358441" r9="-0.22895" r10="0.905043" r11="0" r12="0" r13="0" r14="0" r15="1" id="42" color_r="0.682353" color_g="0.678431" color_b="0.65098" type_file="Data/Objects/Environment/Rocks/plain_rock_large.xml">
        <parameters />
    </EnvObject>
    <EnvObject t0="15.5897" t1="45.4927" t2="-168.633" s0="5.18121" s1="4.94293" s2="5.27953" r0="0.0555583" r1="-0.133194" r2="-0.989532" r3="0" r4="0.988988" r5="0.1435" r6="0.0362122" r7="0" r8="0.137175" r9="-0.980646" r10="0.1397" r11="0" r12="0" r13="0" r14="0" r15="1" id="44" color_r="0.796078" color_g="0.796078" color_b="0.796078" type_file="Data/Objects/Environment/Rocks/plain_rock_large.xml">
        <parameters />
    </EnvObject>
    <EnvObject t0="29.4279" t1="49.5522" t2="-212.78" s0="5.12433" s1="5.03204" s2="5.27953" r0="-0.524534" r1="0.775352" r2="-0.3517" r3="0" r4="0.192674" r5="-0.294268" r6="-0.9361" r7="0" r8="-0.829301" r9="-0.55878" r10="0.0049631" r11="0" r12="0" r13="0" r14="0" r15="1" id="45" color_r="0.796078" color_g="0.796078" color_b="0.796078" type_file="Data/Objects/Environment/Rocks/plain_rock_large.xml">
        <parameters />
    </EnvObject>
    <EnvObject t0="76.7542" t1="89.6813" t2="-297.253" s0="4.19525" s1="2.98714" s2="4.35732" r0="0.750041" r1="-0.0449641" r2="-0.659861" r3="0" r4="-0.231217" r5="-0.952561" r6="-0.197907" r7="0" r8="-0.619659" r9="0.301009" r10="-0.724856" r11="0" r12="0" r13="0" r14="0" r15="1" id="46" color_r="0.752941" color_g="0.752941" color_b="0.752941" type_file="Data/Objects/Environment/Rocks/plain_rock_large.xml">
        <parameters />
    </EnvObject>
    <EnvObject t0="36.3295" t1="46.297" t2="-229.782" s0="5.18121" s1="4.94293" s2="5.27953" r0="-0.524535" r1="0.775353" r2="-0.351698" r3="0" r4="0.626865" r5="0.0721904" r6="-0.775777" r7="0" r8="-0.576112" r9="-0.627388" r10="-0.523908" r11="0" r12="0" r13="0" r14="0" r15="1" id="48" color_r="0.796078" color_g="0.796078" color_b="0.796078" type_file="Data/Objects/Environment/Rocks/plain_rock_large.xml">
        <parameters />
    </EnvObject>
    <EnvObject t0="11.4798" t1="63.8418" t2="-218.471" s0="4.19525" s1="3.03013" s2="4.27847" r0="0.369815" r1="0.870996" r2="0.323423" r3="0" r4="0.895652" r5="-0.426772" r6="0.125194" r7="0" r8="0.247072" r9="0.243375" r10="-0.937936" r11="0" r12="0" r13="0" r14="0" r15="1" id="49" color_r="0.752941" color_g="0.752941" color_b="0.752941" type_file="Data/Objects/Environment/Rocks/plain_rock_large.xml">
        <parameters />
    </EnvObject>
    <EnvObject t0="9.4234" t1="69.1649" t2="-166.811" s0="4.19525" s1="3.03013" s2="4.27847" r0="0.970149" r1="-0.20859" r2="-0.123701" r3="0" r4="0.211349" r5="0.977365" r6="0.00946524" r7="0" r8="0.118927" r9="-0.0353267" r10="0.992274" r11="0" r12="0" r13="0" r14="0" r15="1" id="3" color_r="0.752941" color_g="0.752941" color_b="0.752941" type_file="Data/Objects/Environment/Rocks/plain_rock_large.xml">
        <parameters />
    </EnvObject>
    <EnvObject t0="27.993" t1="44.6169" t2="-183.618" s0="2.48485" s1="1.79475" s2="2.39714" r0="0.155281" r1="-0.0692389" r2="-0.985441" r3="0" r4="-0.985273" r5="-0.0831482" r6="-0.149412" r7="0" r8="-0.0715925" r9="0.994129" r10="-0.0811306" r11="0" r12="0" r13="0" r14="0" r15="1" id="23" color_r="0.831373" color_g="0.831373" color_b="0.831373" type_file="Data/Objects/Environment/Rocks/plain_rock_large.xml">
        <parameters />
    </EnvObject>
    <EnvObject t0="55.3529" t1="83.7829" t2="-69.509" s0="4.19525" s1="3.13543" s2="3.76077" r0="0.317006" r1="0.137483" r2="0.938406" r3="0" r4="0.634033" r5="0.705126" r6="-0.31749" r7="0" r8="-0.705344" r9="0.695626" r10="0.13636" r11="0" r12="0" r13="0" r14="0" r15="1" id="28" color_r="1" color_g="1" color_b="1" type_file="Data/Objects/Environment/Rocks/plain_rock_large.xml">
        <parameters />
    </EnvObject>
    <EnvObject t0="18.8807" t1="57.0506" t2="-32.9922" s0="-6.79457" s1="3.5469" s2="3.64964" r0="-0.425462" r1="-0.900306" r2="0.0918276" r3="0" r4="0.14289" r5="-0.167028" r6="-0.975543" r7="0" r8="0.893625" r9="-0.401935" r10="0.199708" r11="0" r12="0" r13="0" r14="0" r15="1" id="34" color_r="1" color_g="1" color_b="1" type_file="Data/Objects/Environment/Rocks/plain_rock_large.xml">
        <parameters />
    </EnvObject>
    <EnvObject t0="85.4549" t1="0.355751" t2="-32.5595" s0="-5.97696" s1="3.70586" s2="3.24535" r0="0.0748528" r1="0.524155" r2="-0.848327" r3="0" r4="0.353191" r5="0.781631" r6="0.51411" r7="0" r8="0.932552" r9="-0.338104" r10="-0.12662" r11="0" r12="0" r13="0" r14="0" r15="1" id="36" color_r="0.517647" color_g="0.517647" color_b="0.517647" type_file="Data/Objects/Environment/Rocks/plain_rock_large.xml">
        <parameters />
    </EnvObject>
    <EnvObject t0="59.2504" t1="9.30141" t2="-19.3167" s0="-5.97696" s1="3.70586" s2="3.24535" r0="0.623418" r1="-0.74761" r2="0.228975" r3="0" r4="0.437697" r5="0.576349" r6="0.690103" r7="0" r8="-0.647898" r9="-0.330001" r10="0.686533" r11="0" r12="0" r13="0" r14="0" r15="1" id="56" color_r="0.517647" color_g="0.517647" color_b="0.517647" type_file="Data/Objects/Environment/Rocks/plain_rock_large.xml">
        <parameters />
    </EnvObject>
    <EnvObject t0="49.3904" t1="49.3011" t2="-98.7744" s0="4.19525" s1="3.03013" s2="4.27847" r0="-0.588966" r1="-0.0664432" r2="0.805422" r3="0" r4="-0.193655" r5="0.979182" r6="-0.0608327" r7="0" r8="-0.784613" r9="-0.191802" r10="-0.589572" r11="0" r12="0" r13="0" r14="0" r15="1" id="77" color_r="0.752941" color_g="0.752941" color_b="0.752941" type_file="Data/Objects/Environment/Rocks/plain_rock_large.xml">
        <parameters />
    </EnvObject>
    <EnvObject t0="26.2598" t1="39.0689" t2="-134.592" s0="4.19525" s1="3.03013" s2="4.27847" r0="-0.19814" r1="0.380428" r2="0.903335" r3="0" r4="-0.254786" r5="0.869937" r6="-0.422249" r7="0" r8="-0.94648" r9="-0.313822" r10="-0.075441" r11="0" r12="0" r13="0" r14="0" r15="1" id="78" color_r="1" color_g="1" color_b="1" type_file="Data/Objects/Environment/Rocks/plain_rock_large.xml">
        <parameters />
    </EnvObject>
    <EnvObject t0="8.16692" t1="95.6047" t2="-249.757" s0="2.26744" s1="1.63771" s2="2.31241" r0="0.621786" r1="-0.600222" r2="0.503106" r3="0" r4="0.7364" r5="0.666763" r6="-0.114643" r7="0" r8="-0.266641" r9="0.44177" r10="0.856587" r11="0" r12="0" r13="0" r14="0" r15="1" id="87" color_r="0.752941" color_g="0.752941" color_b="0.752941" type_file="Data/Objects/Environment/Rocks/plain_rock_large.xml">
        <parameters />
    </EnvObject>
    <EnvObject t0="3.60281" t1="73.4089" t2="-214.931" s0="4.19525" s1="3.03013" s2="4.27847" r0="0.808209" r1="0.111649" r2="-0.578215" r3="0" r4="-0.112505" r5="0.993052" r6="0.0344949" r7="0" r8="0.578049" r9="0.0371729" r10="0.815155" r11="0" r12="0" r13="0" r14="0" r15="1" id="88" color_r="0.752941" color_g="0.752941" color_b="0.752941" type_file="Data/Objects/Environment/Rocks/plain_rock_large.xml">
        <parameters />
    </EnvObject>
    <EnvObject t0="-39.4976" t1="115.265" t2="-302.745" s0="2.33231" s1="1.94232" s2="2.46984" r0="-0.713676" r1="-0.615718" r2="0.334004" r3="0" r4="0.281679" r5="0.184311" r6="0.94164" r7="0" r8="-0.641345" r9="0.766108" r10="0.0418968" r11="0" r12="0" r13="0" r14="0" r15="1" id="102" color_r="0.647059" color_g="0.647059" color_b="0.647059" type_file="Data/Objects/Environment/Rocks/plain_rock_large.xml">
        <parameters />
    </EnvObject>
    <EnvObject t0="-40.0005" t1="120.912" t2="-305.96" s0="2.17786" s1="2.65367" s2="2.66489" r0="0.102674" r1="0.164922" r2="0.980948" r3="0" r4="-0.85623" r5="0.516588" r6="0.00276893" r7="0" r8="-0.506289" r9="-0.840201" r10="0.194252" r11="0" r12="0" r13="0" r14="0" r15="1" id="103" color_r="0.796078" color_g="0.796078" color_b="0.796078" type_file="Data/Objects/Environment/Rocks/plain_rock_small.xml">
        <parameters />
    </EnvObject>
    <EnvObject t0="-3.82948" t1="128.071" t2="-327.833" s0="1.87893" s1="2.69971" s2="2.6649" r0="0.729108" r1="0.367357" r2="0.577451" r3="0" r4="-0.376669" r5="0.919843" r6="-0.109583" r7="0" r8="-0.571421" r9="-0.137611" r10="0.809038" r11="0" r12="0" r13="0" r14="0" r15="1" id="104" color_r="0.67451" color_g="0.67451" color_b="0.67451" type_file="Data/Objects/Environment/Rocks/plain_rock_small.xml">
        <parameters />
    </EnvObject>
    <EnvObject t0="-25.2055" t1="106.051" t2="-289.284" s0="2.33231" s1="1.94232" s2="2.46984" r0="-0.211657" r1="-0.565191" r2="-0.797346" r3="0" r4="-0.799687" r5="-0.368869" r6="0.473747" r7="0" r8="-0.561874" r9="0.737899" r10="-0.373902" r11="0" r12="0" r13="0" r14="0" r15="1" id="105" color_r="0.647059" color_g="0.647059" color_b="0.647059" type_file="Data/Objects/Environment/Rocks/plain_rock_large.xml">
        <parameters />
    </EnvObject>
    <EnvObject t0="-17.9341" t1="100.387" t2="-286.112" s0="2.33231" s1="1.94232" s2="2.46984" r0="-0.832454" r1="0.0920974" r2="-0.546386" r3="0" r4="-0.527668" r5="-0.432657" r6="0.731009" r7="0" r8="-0.169074" r9="0.896842" r10="0.408764" r11="0" r12="0" r13="0" r14="0" r15="1" id="106" color_r="0.647059" color_g="0.647059" color_b="0.647059" type_file="Data/Objects/Environment/Rocks/plain_rock_large.xml">
        <parameters />
    </EnvObject>
    <EnvObject t0="32.6913" t1="92.2007" t2="-296.451" s0="1.57806" s1="1.06827" s2="1.65565" r0="0.503513" r1="-0.297041" r2="0.811321" r3="0" r4="-0.0603875" r5="-0.948845" r6="-0.309914" r7="0" r8="0.861875" r9="0.107052" r10="-0.495693" r11="0" r12="0" r13="0" r14="0" r15="1" id="107" color_r="0.717647" color_g="0.713726" color_b="0.654902" type_file="Data/Objects/Environment/Rocks/plain_rock_large.xml">
        <parameters />
    </EnvObject>
    <EnvObject t0="-8.20607" t1="96.8473" t2="-292.506" s0="2.32682" s1="1.59282" s2="2.46984" r0="0.603185" r1="0.793146" r2="0.0841829" r3="0" r4="-0.485002" r5="0.280944" r6="0.828157" r7="0" r8="0.633199" r9="-0.540361" r10="0.554138" r11="0" r12="0" r13="0" r14="0" r15="1" id="108" color_r="1" color_g="1" color_b="1" type_file="Data/Objects/Environment/Rocks/plain_rock_large.xml">
        <parameters />
    </EnvObject>
    <EnvObject t0="16.1087" t1="109.748" t2="-318.372" s0="2.36295" s1="1.5735" s2="2.46984" r0="0.743855" r1="0.00141143" r2="0.66834" r3="0" r4="0.117018" r5="0.984276" r6="-0.132319" r7="0" r8="-0.658017" r9="0.176634" r10="0.731993" r11="0" r12="0" r13="0" r14="0" r15="1" id="109" color_r="0.717647" color_g="0.713726" color_b="0.654902" type_file="Data/Objects/Environment/Rocks/plain_rock_large.xml">
        <parameters />
    </EnvObject>
    <EnvObject t0="10.7034" t1="106.45" t2="-311.234" s0="1.40031" s1="2.74415" s2="2.74846" r0="-0.32707" r1="0.0496863" r2="0.943693" r3="0" r4="0.0165163" r5="-0.998164" r6="0.0582785" r7="0" r8="0.944856" r9="0.0346475" r10="0.325649" r11="0" r12="0" r13="0" r14="0" r15="1" id="110" color_r="0.67451" color_g="0.67451" color_b="0.67451" type_file="Data/Objects/Environment/Rocks/plain_rock_small.xml">
        <parameters />
    </EnvObject>
    <EnvObject t0="-5.91308" t1="106.798" t2="-303.34" s0="2.33231" s1="1.94232" s2="2.46984" r0="0.871445" r1="-0.165668" r2="-0.461669" r3="0" r4="0.117019" r5="0.984276" r6="-0.132319" r7="0" r8="0.47633" r9="0.0612847" r10="0.877128" r11="0" r12="0" r13="0" r14="0" r15="1" id="111" color_r="0.819608" color_g="0.819608" color_b="0.819608" type_file="Data/Objects/Environment/Rocks/plain_rock_large.xml">
        <parameters />
    </EnvObject>
    <EnvObject t0="-18.0248" t1="109.346" t2="-270.951" s0="2.33231" s1="1.94232" s2="2.46984" r0="0.963703" r1="-0.144732" r2="-0.224343" r3="0" r4="0.117019" r5="0.984276" r6="-0.132319" r7="0" r8="0.239966" r9="0.101264" r10="0.965485" r11="0" r12="0" r13="0" r14="0" r15="1" id="112" color_r="0.647059" color_g="0.647059" color_b="0.647059" type_file="Data/Objects/Environment/Rocks/plain_rock_large.xml">
        <parameters />
    </EnvObject>
    <EnvObject t0="-12.1328" t1="100.001" t2="-278.659" s0="2.33231" s1="1.94232" s2="2.46984" r0="0.141281" r1="-0.0796805" r2="0.986758" r3="0" r4="0.989758" r5="0.0319781" r6="-0.139128" r7="0" r8="-0.0204689" r9="0.996307" r10="0.0833822" r11="0" r12="0" r13="0" r14="0" r15="1" id="113" color_r="0.647059" color_g="0.647059" color_b="0.647059" type_file="Data/Objects/Environment/Rocks/plain_rock_large.xml">
        <parameters />
    </EnvObject>
    <EnvObject t0="207.289" t1="-6.22067" t2="-478.979" s0="17.7912" s1="17.5515" s2="18.9635" r0="-0.159222" r1="0.552363" r2="0.818257" r3="0" r4="-0.934965" r5="-0.350501" r6="0.0546724" r7="0" r8="0.316998" r9="-0.756337" r10="0.572247" r11="0" r12="0" r13="0" r14="0" r15="1" id="123" color_r="0.756863" color_g="0.756863" color_b="0.756863" type_file="Data/Objects/Environment/Rocks/plain_rock_large.xml">
        <parameters />
    </EnvObject>
    <EnvObject t0="-17.7808" t1="130.625" t2="-322.437" s0="1.31185" s1="0.888058" s2="1.37635" r0="0.71332" r1="0.33531" r2="-0.61542" r3="0" r4="0.344895" r5="0.596478" r6="0.724749" r7="0" r8="0.610101" r9="-0.729233" r10="0.309832" r11="0" r12="0" r13="0" r14="0" r15="1" id="126" color_r="0.717647" color_g="0.713726" color_b="0.654902" type_file="Data/Objects/Environment/Rocks/plain_rock_large.xml">
        <parameters />
    </EnvObject>
    <EnvObject t0="0.014445" t1="96.4316" t2="-294.804" s0="2.33231" s1="1.94232" s2="2.46984" r0="0.360781" r1="-0.0612809" r2="-0.930635" r3="0" r4="0.855999" r5="0.417912" r6="0.304328" r7="0" r8="0.370275" r9="-0.906418" r10="0.203231" r11="0" r12="0" r13="0" r14="0" r15="1" id="128" color_r="0.698039" color_g="0.698039" color_b="0.698039" type_file="Data/Objects/Environment/Rocks/plain_rock_large.xml">
        <parameters />
    </EnvObject>
    <EnvObject t0="9.97633" t1="113.046" t2="-321.257" s0="2.17786" s1="2.65367" s2="2.66489" r0="0.729108" r1="0.367357" r2="0.577451" r3="0" r4="0.32366" r5="0.558348" r6="-0.763867" r7="0" r8="-0.60303" r9="0.743839" r10="0.288197" r11="0" r12="0" r13="0" r14="0" r15="1" id="129" color_r="0.67451" color_g="0.67451" color_b="0.67451" type_file="Data/Objects/Environment/Rocks/plain_rock_small.xml">
        <parameters />
    </EnvObject>
    <EnvObject t0="29.1421" t1="106.888" t2="-323.762" s0="2.17786" s1="2.65367" s2="2.66489" r0="0.729108" r1="0.367357" r2="0.577451" r3="0" r4="0.32366" r5="0.558348" r6="-0.763867" r7="0" r8="-0.60303" r9="0.743839" r10="0.288197" r11="0" r12="0" r13="0" r14="0" r15="1" id="130" color_r="0.67451" color_g="0.67451" color_b="0.67451" type_file="Data/Objects/Environment/Rocks/plain_rock_small.xml">
        <parameters />
    </EnvObject>
    <EnvObject t0="230.525" t1="-15.7696" t2="-195.247" s0="7.12085" s1="4.97692" s2="7.07519" r0="0.997193" r1="-0.06231" r2="0.0415115" r3="0" r4="0.0269539" r5="-0.2185" r6="-0.975465" r7="0" r8="0.0698515" r9="0.973846" r10="-0.216207" r11="0" r12="0" r13="0" r14="0" r15="1" id="131" color_r="0.541176" color_g="0.541176" color_b="0.541176" type_file="Data/Objects/Environment/Rocks/plain_rock_large.xml">
        <parameters />
    </EnvObject>
    <EnvObject t0="263.112" t1="38.2775" t2="-210.352" s0="7.12085" s1="4.97692" s2="7.07519" r0="0.814791" r1="-0.512767" r2="-0.270528" r3="0" r4="-0.360355" r5="-0.0823926" r6="-0.929169" r7="0" r8="0.454158" r9="0.854565" r10="-0.251911" r11="0" r12="0" r13="0" r14="0" r15="1" id="132" color_r="0.952941" color_g="0.952941" color_b="0.952941" type_file="Data/Objects/Environment/Rocks/plain_rock_large.xml">
        <parameters />
    </EnvObject>
    <EnvObject t0="236.363" t1="24.0245" t2="-205.617" s0="7.12085" s1="4.97692" s2="7.07519" r0="-0.59134" r1="0.799184" r2="0.1078" r3="0" r4="-0.0423884" r5="0.102688" r6="-0.99381" r7="0" r8="-0.805307" r9="-0.59225" r10="-0.0268472" r11="0" r12="0" r13="0" r14="0" r15="1" id="133" color_r="0.952941" color_g="0.952941" color_b="0.952941" type_file="Data/Objects/Environment/Rocks/plain_rock_large.xml">
        <parameters />
    </EnvObject>
    <EnvObject t0="288.215" t1="53.0438" t2="-209.655" s0="6.06643" s1="4.23996" s2="6.02753" r0="0.807165" r1="-0.494245" r2="0.32281" r3="0" r4="0.23079" r5="-0.239108" r6="-0.943167" r7="0" r8="0.543342" r9="0.835793" r10="-0.0789324" r11="0" r12="0" r13="0" r14="0" r15="1" id="124" color_r="0.894118" color_g="0.894118" color_b="0.894118" type_file="Data/Objects/Environment/Rocks/plain_rock_large.xml">
        <parameters />
    </EnvObject>
    <EnvObject t0="133.108" t1="-9.00035" t2="-251.288" s0="5.18122" s1="3.59032" s2="5.36822" r0="0.995304" r1="-0.0875371" r2="0.0413243" r3="0" r4="0.0214249" r5="-0.217104" r6="-0.975913" r7="0" r8="0.0944003" r9="0.972216" r10="-0.214209" r11="0" r12="0" r13="0" r14="0" r15="1" id="134" color_r="0.776471" color_g="0.776471" color_b="0.776471" type_file="Data/Objects/Environment/Rocks/plain_rock_large.xml">
        <parameters />
    </EnvObject>
